id,name,email,address,date_joined
1,Janet Lopez,alexander24@example.net,"144 Huerta Pass Acevedoborough, WI 37644",2021-02-20
2,Joshua Mann,johnsontyler@example.com,"64086 Ruiz Orchard Olsonberg, CO 96525",2021-08-31
3,Deborah Church,goodwinwilliam@example.com,"1534 Eric Drive Apt. 694 Smithtown, MN 92174",2023-12-25
4,Paula Rivera,ecruz@example.net,"50953 Steven Keys Apt. 267 Jaystad, SC 34301",2022-09-07
5,Christopher Davis,michael32@example.net,"427 Dixon Plains Apt. 909 East Adam, OR 82811",2020-04-25
6,Patricia Grant,fmartin@example.org,"5629 Judith Drive Apt. 513 North Savannah, PA 30249",2022-08-30
7,Lisa Ferguson,bryanalvarez@example.org,"7455 Marquez Plains Suite 073 Emilystad, AK 67141",2022-01-18
8,Rodney Knox,evansjon@example.com,Unit 0537 Box 3593 DPO AP 02733,2022-02-26
9,Brenda Smith,adixon@example.net,"8890 Watts Path Beanport, MI 69576",2023-01-14
10,Sherry Leonard,dtaylor@example.org,"4323 Kelly Shoals Phillipstown, NY 81823",2020-08-07
11,Terry Thompson,beckystephens@example.com,"999 Johnson Curve North Michaelbury, FL 75173",2022-11-03
12,Diane Pollard DDS,bbailey@example.net,"58914 Kyle Road Jonesville, MD 90065",2021-06-09
13,Shawn Kelley,rachel02@example.com,"004 Salas Ramp Apt. 142 Connorburgh, LA 02878",2023-12-29
14,Julia Sanchez,yrichardson@example.com,"3627 Smith Loop Brentland, DC 81814",2021-08-07
15,Joshua Estes,walshcharles@example.net,"925 James Path Suite 116 New Joshuaport, LA 32045",2020-01-21
16,Jasmine Griffin,harrishoward@example.com,"670 Weber Shore West Shaun, MS 69106",2022-11-29
17,Jaime Cole,michael25@example.com,"588 Taylor Union Suite 121 Ricardotown, NE 24815",2024-08-11
18,Deborah Wallace,millerbetty@example.org,"92933 Smith Ports Suite 159 South Benjamin, OK 04938",2021-12-30
19,Carly Garza,virginiasmith@example.com,"49817 Turner River Garrettburgh, ME 59542",2022-10-01
20,Maureen Perry,donnamiller@example.net,USNS Horne FPO AP 41035,2022-08-22
21,Maria Sexton DDS,ericball@example.org,"17347 Stephen Fords West Donna, KS 17829",2020-03-29
22,Whitney Williams,josephcohen@example.org,"93519 Vincent Turnpike Morganchester, NV 36120",2022-04-30
23,Christopher Powers,upope@example.org,"PSC 0094, Box 1395 APO AP 34991",2024-07-26
24,Denise Morrow,kelli34@example.net,"24334 Jennifer Vista Apt. 572 South Alexandriachester, WI 23552",2023-07-02
25,Theodore Johnson,vaughaneric@example.com,"39470 Shannon Lakes Apt. 536 Jonesside, WY 05353",2024-09-19
26,Jason Gonzalez,lisa84@example.com,"12020 Wood Neck Suite 224 Christinestad, AL 84617",2024-08-04
27,Kylie Johnson,theresahubbard@example.net,"22448 Jerry Spur Apt. 751 Mitchellstad, PR 11692",2022-01-19
28,Amanda Barker,sgreene@example.com,"5733 Kristopher Street Apt. 446 Billyview, NH 27506",2021-10-19
29,Kristen Sheppard,joseph08@example.org,"33289 Lopez Canyon North Donald, IN 78234",2021-08-17
30,Thomas Vargas,styler@example.org,"432 Tracy Mission Apt. 465 Allenfort, ID 01386",2023-01-31
31,Ricky Norton,raymondhumphrey@example.org,"2914 Jaclyn Villages Rogersshire, LA 05834",2023-03-22
32,Donald Nguyen,mariamurphy@example.com,"14054 Brown Ferry Williamfurt, KS 53821",2023-03-05
33,Carol Campbell,parkerandrew@example.com,"89628 Mary Flats New Elizabethhaven, NE 65065",2021-03-27
34,Mary Silva,kscott@example.net,"235 Lee Forges Nelsonbury, SD 89999",2023-03-02
35,Robert Salazar,eric20@example.net,"87335 Warren Squares South Benjamin, WY 08616",2021-08-06
36,Chelsea Flores,brownautumn@example.org,"739 Kevin Mill Antoniobury, AL 47474",2022-03-18
37,Matthew Baird,baileycolleen@example.org,"89238 Eugene Coves South Robertton, LA 58214",2023-11-14
38,Timothy Garcia,adam61@example.org,"3464 Chloe Hill Robertoport, CA 68986",2020-07-17
39,Joshua Valdez,danielmaddox@example.org,"45749 Cole Mission Lake Scottview, AS 16703",2020-03-13
40,Ryan Wolfe,willislacey@example.org,"9897 Bowers Burg Donnamouth, NM 48087",2023-09-02
41,Charles Johnson,merritttheresa@example.net,"6672 Veronica Lake Pricebury, AZ 74236",2024-09-16
42,Shane Morgan,hicksscott@example.com,"8749 Alexa Brooks Apt. 707 East Cindyport, MH 19923",2021-10-11
43,Robert Wilson,pbarnett@example.com,"75108 Harmon Locks Suite 836 New Kellytown, IL 26571",2024-05-21
44,Tami Snyder,franklinjason@example.net,"8856 Charles Prairie Apt. 147 South Ginahaven, MO 98004",2020-06-24
45,Ashley Lewis,nicholas56@example.com,"373 Dana Glens Suite 813 West Jessica, NM 06762",2021-09-24
46,Blake Burgess,carolyn97@example.net,"51381 Weeks Vista Suite 249 Kyleberg, KY 29576",2021-12-13
47,James Cooke,ohodges@example.org,"06625 Anthony Extension Port Michelleside, VA 68769",2024-01-01
48,Michael Reyes,melissamurphy@example.com,USCGC Watkins FPO AP 83741,2022-05-31
49,Nathan Peters,jessica08@example.net,"835 Sean Mall Kimberlyberg, AL 21241",2020-10-24
50,Donna Meadows,dayjennifer@example.net,"13824 Spencer Lock East Josephview, NE 11227",2021-11-16
51,Carmen Ross,ronaldstone@example.net,"074 Hayes Square New Johnchester, CO 40796",2023-10-17
52,Angela Simmons,brian22@example.net,"8481 Rodriguez Shoals Maryville, NC 07534",2021-11-25
53,Melissa Barnes,chicks@example.net,"PSC 7243, Box 3157 APO AP 65831",2022-09-23
54,Daniel Green,nuneztammy@example.org,"5938 Michelle Plaza Apt. 358 Andrewbury, GA 15320",2022-10-08
55,Charles Curtis,joseph52@example.com,"4595 Dylan Pass Suite 488 Port Cynthiaport, NJ 24386",2021-06-20
56,Rebecca Williams,herrerapatrick@example.org,"61709 Roger Turnpike Apt. 710 Curtisfurt, NV 77248",2020-12-03
57,Daryl Mata,ncarlson@example.org,"43081 Phillips Manors Navarrochester, OH 31710",2023-03-25
58,Debra Price,jweaver@example.net,"710 Carr Green Suite 969 Hicksmouth, NV 97615",2023-08-25
59,Susan Campbell,william99@example.net,"10165 Veronica Light Suite 873 Rachelport, AK 62690",2022-11-03
60,Christopher Watson,ltucker@example.com,"37219 Cooke Orchard Suite 052 Robertton, OH 33607",2023-02-20
61,Angelica Walker,eric20@example.com,"6466 Brent Hollow Suite 803 Lake Daniel, MO 59992",2024-06-15
62,Angela Pham,kara14@example.org,"85337 Jones Circles Suite 958 Manuelview, PW 11643",2021-04-10
63,Mary Smith,scottmitchell@example.org,"6548 Wesley Estate Suite 599 South James, TX 18703",2021-04-23
64,Steven Davis,oholt@example.net,"5101 Erika Extensions Lake Mark, WY 18381",2022-05-19
65,Melinda Medina,donald48@example.org,"26515 Green Pike Bobbymouth, NJ 49723",2022-11-15
66,Karen Beard,allisonnelson@example.net,"PSC 7520, Box 1462 APO AP 62543",2021-04-28
67,Jeffrey Nichols,zzavala@example.com,"445 Mark Isle Apt. 425 Davisfurt, GA 09643",2021-02-07
68,Jessica Harris,david28@example.com,"61670 Madison Valley Apriltown, CA 28096",2021-10-29
69,Robert White,bparker@example.org,Unit 7929 Box 2639 DPO AA 78183,2022-12-14
70,April Norris,bettyprice@example.com,"1302 Robinson Curve Apt. 361 West Aaron, OR 32814",2020-12-19
71,George Williams,douglasevans@example.org,"19595 Smith Glen East Stephen, NV 27115",2021-06-13
72,Adam Brown,egalloway@example.net,"591 Melinda Curve South John, MA 22592",2021-09-20
73,Dana Castro,johnsoncody@example.org,"1532 Yolanda Knoll South Mary, NE 76078",2021-08-24
74,David Raymond,staceyphillips@example.org,"9514 Adrian Terrace Lowebury, NY 27304",2022-11-03
75,Veronica Johnson,michael20@example.net,"978 Woodard Burgs Lake Andreamouth, GU 49463",2021-09-01
76,Miss Monica Anderson,matthewsmith@example.net,"PSC 2809, Box 1267 APO AA 27716",2020-12-29
77,Kevin Jackson,porterbrandi@example.com,"PSC 6938, Box 1903 APO AA 85506",2022-08-07
78,Amanda Taylor,mccannveronica@example.org,"75365 Pamela Cliffs Lake Karenbury, NE 67816",2023-01-31
79,Amy Mcbride,ujohnson@example.net,"945 French Pines South Johnfurt, TN 11294",2022-12-14
80,Melissa Robertson,megan09@example.com,"562 Watson Heights Suite 247 Jimenezport, VA 83912",2024-06-28
81,Julie White,lowemaria@example.org,"1904 Tara Hollow Suite 457 Port Joshua, NY 61074",2020-06-15
82,Joshua Powell,jware@example.org,"38349 Jackson Springs Apt. 441 South Joseph, AR 85426",2023-12-04
83,Miss Tiffany Ramirez,lopezdenise@example.org,"963 Gray Extensions Suite 288 Danielberg, GU 73429",2024-08-30
84,Deborah Kemp,kristinkirby@example.com,"44984 Melissa Alley South Robertside, NV 62949",2023-01-22
85,Mike Taylor,tthompson@example.org,"285 Patricia Keys Suite 378 Anthonyport, MI 18983",2023-08-01
86,Sandra Davis,michellecrawford@example.net,"4560 Jessica Station Martinshire, GU 25010",2020-09-13
87,Tiffany Nguyen,paynephilip@example.net,"470 King Loop New Phillipmouth, SC 33237",2022-08-10
88,Jonathan Nguyen,ryanbuchanan@example.net,"4043 Moreno Via Suite 202 South Megan, HI 42844",2020-12-15
89,Steven Davis,christinethomas@example.com,"013 Smith Pass Suite 996 Rodriguezborough, MH 51807",2024-08-26
90,Jerome Whitehead,mckeejanet@example.net,"92134 Jonathan Pines Suite 181 New Cherylstad, MT 11606",2022-04-07
91,Travis Shaw,powelltina@example.com,"827 Joseph Highway Suite 889 South Kevin, LA 88273",2020-07-25
92,Anthony Fleming,trankatrina@example.net,"4459 Ward Viaduct Matthewville, MO 73544",2023-12-23
93,Ralph Sloan,tgonzales@example.org,"39588 Bonnie Extensions East Chelseamouth, KS 40948",2022-11-18
94,John Wiley,ijohnston@example.org,Unit 9707 Box 5709 DPO AP 45564,2020-09-27
95,Justin Jackson,moralesjustin@example.com,"3031 Thomas Causeway Quinnbury, KY 35085",2020-11-26
96,Debra Nelson MD,msullivan@example.net,"1618 Katie Ford Apt. 277 Daviston, IN 57751",2020-09-27
97,Tyler Lee,carrie47@example.org,"88319 Peter Radial Amyborough, ID 57841",2020-06-09
98,Elizabeth Moreno,susan82@example.com,"91874 Richard Spur Apt. 453 Millerland, OR 10722",2023-04-16
99,Matthew Johnson,ufowler@example.org,"6847 Burgess Expressway Apt. 355 South Dennis, RI 92216",2023-03-17
100,Daniel Velez,gregory37@example.net,"0834 Sarah Pass South Jake, PA 32813",2021-11-19
101,Sara Stanton,rachaeledwards@example.com,"55195 Brooke Overpass Apt. 699 North Destiny, MT 57876",2020-12-02
102,Jessica Harris,mosesreginald@example.org,"7775 Brown Heights South Edward, WV 05486",2022-04-17
103,Paul Sims,fhansen@example.org,"74644 Harrison Circle Apt. 609 Lake Latasha, DC 43686",2020-09-11
104,Mrs. Jasmine Welch DVM,whitesteven@example.net,"110 David Valley West Melindabury, NY 97627",2023-08-06
105,Penny Ross,robert07@example.net,"606 Chase Shore Suite 414 Allisonborough, AK 25864",2021-01-09
106,Brian Jones,ogriffith@example.org,"135 Pamela Summit Evanhaven, UT 98878",2020-07-11
107,Darlene Mcclure,lauraconrad@example.org,"790 Anna Parkways Odonnellmouth, NE 79143",2021-07-29
108,Ryan Collins,bettypierce@example.org,"68347 Eric Isle Suite 211 Port Lindachester, IA 14154",2021-08-28
109,Robert Parks,hooveralexis@example.net,USNS Davis FPO AE 73524,2022-10-01
110,Erica Erickson,cruzmichelle@example.com,"750 Stewart Lights North Joseph, MN 65591",2020-04-06
111,Ryan Martinez,xsmith@example.org,"51126 Johnson Fields Jenniferborough, MS 86564",2023-06-26
112,Suzanne Thomas,anthonylester@example.net,"411 Johnson Skyway Karenfurt, VI 84785",2023-04-28
113,Bonnie Taylor,fdodson@example.net,"90782 Myers Centers North Dennistown, VI 77842",2023-03-28
114,Megan Guerra,abigail64@example.net,"84759 Bradley Village Suite 936 Lake Kristinburgh, IA 21559",2021-07-15
115,Richard Ibarra,thomasbenton@example.com,"1884 Harris Shore Debrashire, PA 21276",2022-04-23
116,Matthew Miller,robertsmith@example.net,"97363 Jessica Roads Apt. 017 Paulaburgh, VT 51413",2022-01-09
117,Tasha Williamson,vhansen@example.org,"2520 Jon Plaza Lawsonberg, IL 39698",2024-03-21
118,Elizabeth Daniels,usharp@example.org,"87477 Nicholson Ramp Georgestad, ME 23628",2022-09-17
119,Justin Jordan,bakeralexis@example.net,USNV Harris FPO AA 20579,2024-09-07
120,Mary Mack,barbaragonzalez@example.com,"2852 Patrick Wells Apt. 708 Amyton, AL 28592",2022-11-04
121,Christopher Lowe,robertrogers@example.com,"170 Thomas Union Suite 125 Rachelbury, FL 56309",2023-07-21
122,Lori Perez,christine53@example.com,"78125 Mark Ports Mooretown, WA 81526",2021-01-24
123,John Hooper,barneswilliam@example.org,"8810 Morgan Valleys Suite 121 Port Victoriaview, GU 49169",2023-06-18
124,David Douglas,kellyderek@example.org,"80259 Scott Crest Suite 931 South Joseph, KY 13817",2021-11-19
125,Richard Colon,shannonharrison@example.net,"6935 Robert Landing Suite 480 Kennethfort, MT 25781",2020-04-03
126,Ann Stein,hoodkristin@example.net,"614 Mary Rue Melissahaven, AR 16331",2022-10-07
127,Samantha Jensen,hmcdowell@example.net,"1893 Jason Islands Port Michaeltown, WV 25669",2020-01-03
128,Justin Powers,welchsuzanne@example.com,"5998 Timothy Spur Cherylside, WI 61499",2020-08-15
129,Mark Johnson,laurengonzalez@example.net,"39888 Donald Greens Suite 031 Fullershire, MI 62836",2020-05-05
130,Alicia Nelson,tscott@example.net,"5452 Johnson View Suite 015 East Crystal, AS 96917",2020-05-30
131,Jared Morales,ftucker@example.com,"PSC 2486, Box 1005 APO AP 83164",2021-11-27
132,Carrie Estrada,lucastrevor@example.com,"09345 Clements Lodge West Terrence, NC 85047",2021-08-04
133,John Roberts,meredithhobbs@example.org,"57758 Elizabeth Branch Suite 229 Port Philip, AK 27305",2023-03-06
134,James Ramirez,kirk53@example.org,"00239 Ortiz Forges North Patrickland, FL 73269",2024-08-31
135,Jordan Valencia,paceangela@example.com,"78483 Brown Brooks Ramseyville, DE 05553",2021-01-18
136,Linda Thompson,perezcandice@example.org,"82565 Timothy Freeway Apt. 610 Bennettland, KS 41052",2024-01-02
137,Faith Bates,mary80@example.com,USCGC Lane FPO AA 89362,2022-04-13
138,Jake Robinson,spierce@example.com,"3297 Gill Keys New Ronald, OR 82489",2023-06-05
139,Tammy Wright,wsmith@example.com,"303 Aguirre Rue Mooreville, IA 47667",2024-08-20
140,Christina Lyons,katherine80@example.net,"363 Jones Square Davidport, MS 86831",2021-06-17
141,Connor Tran,kristinwiley@example.com,"6685 Emily Loop Apt. 744 East Katherinechester, KS 20408",2024-09-21
142,Brent Campbell,rayrhonda@example.net,"298 Gonzalez Spring Kellyville, CO 53908",2022-07-19
143,Matthew Williams,cgallegos@example.net,"320 Wise Orchard Lake Frances, UT 41547",2020-02-19
144,Kimberly Taylor,rodgerskelly@example.com,"8544 Patricia Gardens Apt. 054 Gonzalezmouth, FM 92754",2020-11-13
145,Debra Austin,taylormejia@example.org,"82185 Jeanne Lodge West Josephmouth, IA 35749",2021-02-01
146,Michael Allen,michaelamoore@example.net,"2846 Matthew Groves Kristaside, SD 70073",2021-01-25
147,Michelle Alvarado,shellydavenport@example.com,"635 Mullen Point South Jason, VI 32140",2021-12-07
148,Mario Duran,ienglish@example.org,"77702 Joseph Prairie New Jenniferfurt, GA 60553",2023-06-19
149,Robin Cortez,logandaniel@example.net,"099 Destiny Dale Port Alexandra, KS 59405",2020-01-10
150,John Schneider,marshallcraig@example.org,"2462 Saunders Cliff Apt. 872 Port Ernestberg, DE 36517",2023-04-09
151,Megan Berg,karen77@example.org,"329 Brenda Ranch Suite 521 South James, IN 80371",2022-06-05
152,Kyle Rose,chandlernicole@example.net,"8246 Jeremy Tunnel Weberside, AS 36319",2021-03-08
153,Teresa Dennis,andrew11@example.com,"5676 Christopher Pass Suite 918 South Cheryl, RI 70280",2021-07-24
154,Andrew Green,adambrown@example.com,"3030 Amy Rest New Karen, MD 47064",2023-12-29
155,Jared Jenkins,garciapatrick@example.net,"5608 Benjamin Knolls Miguelstad, VI 50273",2020-03-13
156,Jeremy Anderson,fgreen@example.com,"4221 Pamela Plaza Chungborough, NH 90046",2021-06-12
157,Denise Salazar,sean39@example.net,"735 Hunt Forges Apt. 871 Port Rodney, MH 94591",2024-02-20
158,Deborah Thompson,tiffany80@example.net,"60287 Brandi Flat Suite 645 Port Lauren, AR 90447",2023-08-27
159,Michelle Harris,bcarlson@example.org,"187 Dixon Wall Apt. 448 Doylestad, CO 78444",2022-06-26
160,Darryl Brewer,donnaramos@example.com,Unit 8591 Box 2821 DPO AA 83648,2023-09-28
161,Virginia Williams,joanna08@example.org,"69727 Cruz Plain Suite 710 Patriciastad, AS 44489",2022-09-09
162,Brenda Miles,michael00@example.net,"359 Kelli Spring Apt. 170 Stefanietown, KY 98388",2023-10-21
163,Jacob Velez,caitlinfuller@example.net,"710 Keith Corners Rebeccafurt, NM 57041",2023-10-09
164,Tyrone Booth,jkeller@example.com,Unit 8233 Box 5793 DPO AE 79068,2021-06-01
165,Veronica Johnson,kellyjacobs@example.net,"3626 Gillespie Way Clarkfurt, AR 05880",2022-03-08
166,Candace Morales,newtonsteven@example.net,"9589 Angela Vista Colemanburgh, MI 56598",2022-08-13
167,Aaron Ortiz,ashleybailey@example.org,"635 Hoffman Way Suite 870 Sandraside, MS 96571",2020-03-02
168,Monica Powell,ymoore@example.net,"164 Brooks Parks West Steven, MP 93327",2023-08-12
169,Kristin Peters,qlevy@example.com,"970 Jon Stream Smithborough, PW 03569",2023-06-13
170,Marissa Hopkins,warrenmichael@example.org,"317 Daniel Locks Apt. 917 Port Cameron, WY 66463",2024-07-03
171,Chelsea Craig,edwarddouglas@example.org,"514 Peterson Burg West Willie, MN 41858",2020-08-07
172,Andrea Shelton,hamiltonashley@example.com,"878 Morgan Crescent Suite 307 West Codyland, MS 89691",2022-07-13
173,Robert Hernandez,parsonskimberly@example.com,"8266 Alexis Square Lindaland, MA 77906",2023-04-11
174,Jonathan Murray,matthewssean@example.org,"812 Singh Plaza North Carolyn, FL 50059",2022-01-18
175,Sharon Mann,jamesrichardson@example.com,"1168 Gary Mission East Alexandra, FL 17500",2023-05-02
176,Gloria Gould,tandrade@example.com,"2421 Larsen Stravenue Kimton, KY 46132",2023-02-02
177,Nancy Dudley,brenda95@example.org,"466 Corey Knoll Yolandamouth, MP 87581",2022-02-21
178,Kevin Gibson,sheriedwards@example.org,"2520 Benjamin Heights Suite 252 North Michael, WA 27624",2023-05-07
179,Joseph Jackson,jessica66@example.com,"3127 Thomas Place Suite 144 Gonzalesview, CT 70766",2023-02-18
180,Christian Gomez,simsdaniel@example.org,Unit 8476 Box 3482 DPO AP 70398,2022-03-17
181,Mathew Caldwell,cranejulia@example.org,"14632 Tucker Street Apt. 130 West Donald, TX 36153",2023-10-05
182,David Williams,yjohnson@example.net,"70770 Lopez Trafficway East Jennifertown, VA 75656",2022-06-03
183,Mary Gray,howelljason@example.org,"4463 Ware Ports Suite 655 Steventon, IA 83475",2020-01-31
184,Elizabeth Johnston,cameronwilliams@example.com,"1477 Matthew Drives Port Stevenville, NE 95572",2022-11-08
185,Karen Allen,teresa69@example.com,"89452 Stanley Avenue Apt. 806 Roberttown, AZ 90887",2021-12-12
186,Daniel Chaney,alisonknight@example.com,"261 David Oval Christopherville, NV 36046",2022-10-12
187,Sara Ramirez,calderondanielle@example.com,"7529 Kane Avenue Suite 497 West Theresaton, AL 00664",2021-05-05
188,Jessica Blair,matthewsmary@example.net,USS Nash FPO AP 34001,2023-01-12
189,Paul Rivera,andrewraymond@example.net,"2129 James Mountain Apt. 860 Lake Jeffery, AS 84508",2021-02-16
190,Julie Alvarez,mneal@example.net,"714 Julia Plains Vangmouth, NY 99572",2024-02-20
191,Trevor Ward,brianwright@example.net,"6976 Herrera Fork Apt. 027 Stevenshire, SC 61069",2021-11-04
192,Jason Beck,angelascott@example.net,"805 Johnson Plains Danielberg, NM 28890",2023-12-02
193,Jennifer Villarreal,angela70@example.net,"0980 April Drives North Susanstad, WI 53923",2020-07-05
194,Susan Rodriguez,juliemorgan@example.com,"910 Jessica Mountain East Kaitlin, WY 61741",2020-01-06
195,Jeffrey Watts,jamiewebster@example.com,"339 Burnett Alley Suite 766 West Christopher, AZ 67323",2022-01-23
196,Mark Hunter,mestrada@example.org,"5889 Hernandez Drives Port Catherineberg, FL 39413",2022-11-17
197,Julian Parker,cynthialewis@example.org,"173 Rodney Park Port Justinview, NM 26020",2020-10-03
198,Keith Oliver,darren00@example.org,"2722 James Valleys New Robinview, MT 07732",2020-02-17
199,John Charles,karen99@example.com,"8505 Kelly Village Suite 116 Floreshaven, NY 57605",2023-03-19
200,Susan Thomas,blackwellkayla@example.com,"23843 Sabrina Court Suite 892 East Jamesport, MD 16473",2021-02-24
201,Daniel Peterson,carlrose@example.com,"4694 Knight Garden Lake Amy, RI 59866",2021-08-28
202,Ashley Smith,gonzalezgina@example.org,"411 Stephen Crescent Suite 845 East Matthew, MS 38054",2024-01-03
203,Charles Bailey,parksamanda@example.org,"0306 David Stravenue Gonzalezview, MO 65574",2022-06-15
204,Robert Burnett Jr.,stevensgeorge@example.com,"683 Rebecca Mountains Apt. 864 South Janetstad, MN 07870",2021-05-22
205,Kenneth Reese,steveperez@example.net,"8979 Kelly Circle Lopezland, SC 94264",2021-11-20
206,Andrew Middleton,pholloway@example.org,"77116 Justin Gateway Cynthiamouth, MN 45020",2020-05-10
207,Bryan Hernandez,robert03@example.net,"304 Myers Mountains Suite 908 Joseside, PR 13853",2024-08-05
208,Rachel Mills,jacquelinevasquez@example.com,"84691 Melton Prairie Suite 400 East Meganbury, FM 61548",2024-02-24
209,Kelly Taylor,jenkinsannette@example.net,"40804 Osborn Mission Apt. 004 Lake Christinachester, OH 89238",2022-08-03
210,Erika Barron,christopheryoung@example.com,"31009 Hall Stream Lisamouth, FM 10300",2024-02-07
211,Patrick Jones,robert22@example.org,"3037 Watts Hollow South Stephanie, VI 45017",2020-09-18
212,Jennifer Collins,eweber@example.com,"551 Catherine Forges South Bryanborough, WV 41197",2021-08-15
213,Dominique Wolfe,tglover@example.org,"97603 Hughes Trace Suite 519 New Kurtland, NJ 68224",2024-07-06
214,Tamara Richards,wrightstacey@example.net,"969 Baker Ridge Suite 079 Lake Brittany, CT 65344",2020-04-11
215,Benjamin Frazier,nwalker@example.org,USS Byrd FPO AA 61278,2024-03-12
216,Karen Jones,beckjulia@example.net,"PSC 1980, Box 2258 APO AA 81182",2020-05-10
217,Rachel Fitzgerald,carolclark@example.org,"9715 Joshua Light Suite 348 Lisashire, NY 69011",2022-11-14
218,Jay Adams,kperez@example.org,"765 Guzman Groves Suite 915 New Brianburgh, CT 05114",2021-01-17
219,Kristin Larson,mollysilva@example.net,"393 Eugene Expressway Lake Jackland, WY 60133",2021-09-30
220,Karen Hobbs,lorishelton@example.net,"1814 Ethan Glens Jocelynborough, ND 68117",2020-02-02
221,Jonathan Snyder,salasemily@example.net,"1842 Duncan Union South Cynthia, NC 32593",2022-04-23
222,Nina Figueroa,brucegary@example.com,"708 Marshall Place Apt. 319 New Phyllis, PA 30373",2020-02-16
223,Veronica White,ngonzalez@example.net,"95517 Monique Drives Wilsonstad, MP 41569",2021-07-20
224,Emily Hunter,christinenewman@example.com,"95930 Stephenson Forge Stevestad, ND 07622",2021-04-10
225,Charles Acevedo,uburton@example.com,"73646 Collins Stream Scottview, MP 72246",2022-02-07
226,Michelle Hudson,moniquehiggins@example.org,"5763 Brooks Key Apt. 903 South Gary, OR 93856",2021-07-05
227,Hannah Clark,jimenezjoshua@example.com,USS Mclaughlin FPO AA 76293,2020-03-08
228,Casey Kramer,hallandrew@example.org,"038 White Track North Mary, PR 76899",2020-06-10
229,Matthew Smith,jenkinscody@example.org,"294 Wolf Underpass Paulchester, HI 48098",2023-05-08
230,Eileen Cortez,anthonyrobbins@example.org,"63872 Walters Brook Suite 830 East Christinemouth, MP 63953",2021-09-22
231,Timothy Ward,xjohnston@example.net,"2804 Ferguson Squares Port Rachelmouth, GA 36334",2021-08-03
232,Kenneth Wilson,michael45@example.net,"6883 Laura Ridges Apt. 585 Port Davidton, NY 58451",2020-02-15
233,Anthony Mcintosh,jmason@example.com,"239 Emily Tunnel Apt. 721 Jacobsview, KS 18435",2020-10-02
234,Christine Pena,luis15@example.org,"913 Miller Junctions Suite 271 Vaughnstad, NE 51631",2024-01-11
235,Mindy Henderson,webbbrett@example.org,"68951 Shelby Path South Andrewview, MN 52491",2024-06-05
236,Bryan Baldwin,danielle43@example.net,"0791 Rowe Road Apt. 021 Danielton, GA 32101",2024-03-20
237,Brian Thompson MD,kathy58@example.com,"69968 Stanley Place South Jessicaberg, TN 86835",2022-03-18
238,Jennifer Moore,burgessjames@example.net,"33847 Mary Brooks Michaelberg, PA 37942",2023-03-29
239,Jennifer Lopez DDS,hayescory@example.net,"046 Liu Locks South Jessicaville, CA 38405",2021-03-24
240,Michael Green,smithzachary@example.org,"252 Hayes Grove Suite 135 Webbmouth, KY 97171",2023-05-15
241,Kristen Turner,mguerra@example.net,"0039 Maldonado Road Suite 247 Susanstad, AK 56334",2021-03-15
242,Kathryn Erickson DDS,edward18@example.org,"7459 Linda Hill Suite 479 New David, MN 13349",2022-11-17
243,Tina Lozano,bmcguire@example.org,"44984 Spencer Spring Suite 487 Wrightview, PR 36161",2024-01-24
244,Matthew Martinez,hhancock@example.org,"60396 Johnston Ridge Suite 465 Copelandtown, NJ 22699",2024-01-02
245,Dawn Jackson,victoria55@example.org,"2352 Shelly Forge Carterhaven, KY 38454",2022-05-30
246,Alejandro Peters,amanda42@example.org,"601 Torres Drives Suite 301 New Linda, GA 18199",2020-03-06
247,William Smith,ashley24@example.org,Unit 8658 Box 1030 DPO AE 63511,2023-07-09
248,Heather Ross,malikadkins@example.com,"67398 Kelly Union Suite 336 North Susanborough, OK 03294",2021-01-11
249,Sabrina Guerrero,thomaswilliams@example.net,Unit 4980 Box 7241 DPO AA 29932,2023-05-22
250,Johnny Cooper,robertsallison@example.com,"201 Fernandez Meadow Apt. 988 Lake Blakefurt, GU 05032",2020-07-17
251,Christine Erickson,andrewkline@example.net,"196 James Prairie Suite 985 South Kathleenville, PA 19705",2021-10-06
252,John Collins,kimberlykaufman@example.org,"95357 April Road Port Kimberlyville, AL 68765",2021-06-19
253,Charles Herrera,jon41@example.org,"505 Sanchez Roads Suite 714 North Daniel, IN 50647",2021-11-01
254,Mary Williams,colemantheresa@example.net,"06776 Jessica Fort Suarezland, NE 93513",2021-02-06
255,Kathy Long,floresgabrielle@example.com,Unit 3863 Box 1345 DPO AE 01528,2021-10-01
256,Dr. Linda Smith DVM,blackkenneth@example.com,"64279 Erin Run Suite 391 West Biancaville, FL 73309",2021-01-12
257,Tiffany Jackson,rhonda70@example.com,"1189 Obrien Lock Carterberg, OH 68231",2022-04-19
258,Betty Evans,butlerscott@example.com,"112 Laura Station Apt. 601 West Brian, MN 68927",2021-12-17
259,David Phillips Jr.,rebecca90@example.com,"8850 Monroe Island Suite 001 Edwardside, AS 03907",2021-07-12
260,Ronald Davis,rlane@example.org,"206 Kennedy Pass Kristinton, FL 49397",2022-09-08
261,Kevin Mckenzie,nicolemontgomery@example.com,Unit 6826 Box 2106 DPO AE 81993,2023-12-03
262,Mary Simon,sean99@example.com,"5802 Sharon Grove Apt. 679 Wallshire, FM 39094",2020-04-30
263,Katherine Cook,eileenpena@example.net,"04763 Myers Trace Maryville, VT 94749",2021-02-24
264,John Reyes,sflores@example.net,"0559 Julie Dale New Martin, NJ 55285",2022-08-13
265,Alicia Joseph,wilsonlaura@example.org,"67633 Mitchell Squares North Mauriceport, SC 56737",2020-06-05
266,Derrick Martin,cclark@example.org,"82546 Compton Falls North Lisaville, MN 82182",2021-04-01
267,Adam Williams,guerrerojason@example.org,"30554 Chaney Harbors Lake Adammouth, PA 73697",2022-04-29
268,Angela Edwards,denise92@example.com,"183 Veronica Locks Apt. 418 Port Suzanne, CO 55503",2020-12-18
269,Ashley Bernard,gonzalezsteven@example.net,"2572 Wood Parkway Suite 771 Donnaborough, LA 19120",2021-04-10
270,Amanda Scott,poncejason@example.com,USCGC Rodriguez FPO AP 01453,2021-07-14
271,Margaret Joyce,aharris@example.com,"946 Guerrero Lane Apt. 367 East Kaitlin, NY 58508",2023-04-02
272,Jimmy Price,susan06@example.net,"831 Kyle Mills Suite 432 Destinyberg, TN 61798",2020-09-30
273,Garrett Jones,jenkinsmadeline@example.org,"9386 Edward Well Apt. 435 South Natashaberg, TN 33223",2020-08-14
274,Amy Zimmerman,fthomas@example.net,"29665 King Dale South Sydney, NV 93407",2023-01-08
275,Victoria Underwood,vasquezwilliam@example.org,"95509 Jessica Plains Apt. 402 Garciashire, CA 10596",2023-01-26
276,Nathan Robinson,egalvan@example.org,"73717 Rice Burg Keithville, FL 57810",2024-06-22
277,Melissa Nguyen,gbowers@example.net,"376 Thomas Heights Lake Jaimeborough, SD 23124",2022-11-30
278,Bryan Williams,ramirezjeremy@example.com,"849 Pennington Skyway Suite 980 Kimbury, KS 40237",2021-04-09
279,Cheryl Wang,evansdavid@example.com,Unit 9311 Box 8327 DPO AA 81486,2023-09-16
280,Jason Delacruz,gomezleah@example.net,"25346 Reed Burg New Christopher, OH 56998",2022-07-09
281,Eugene Sherman,millermelissa@example.com,"110 David Mission Apt. 981 West Christopher, IN 62945",2023-05-12
282,April Long,patrick04@example.org,"95522 Nelson Hill New Laurastad, WI 10935",2021-03-11
283,Dawn Rivera,george47@example.org,Unit 4734 Box 3459 DPO AE 83498,2022-01-13
284,Matthew Williams,michael43@example.org,"80680 Barbara Corners Apt. 835 Patriciaville, GA 39395",2023-09-20
285,Angela Reed,twalton@example.org,"95028 Bauer Ports New Donald, IL 36069",2021-09-30
286,William Flynn,cookchristian@example.org,"PSC 8364, Box 1343 APO AA 51107",2023-03-09
287,David King,sean30@example.net,"6326 Kenneth Mill Apt. 759 North Josephstad, LA 20211",2022-08-04
288,Glenn Martin,mdaniel@example.org,"427 Gabriel Brook Port Michael, CA 15857",2022-09-13
289,Patricia Patterson,millerpeter@example.org,"504 Phillips Wells Apt. 441 Jacksonside, NM 29589",2021-01-17
290,Melissa Mitchell,ythomas@example.org,"9626 Nathan Court Suite 099 Alexchester, MH 75125",2020-03-24
291,Melanie Peterson,amandaadams@example.org,Unit 2971 Box 9300 DPO AE 80129,2021-06-11
292,Jaime Clarke,baileydwayne@example.net,"95002 Harris Green Apt. 402 Port Jeffreyport, DC 29271",2023-11-12
293,Lisa Williams,nancycarter@example.net,"83034 Ward Pass North Kristenton, PA 49776",2022-10-15
294,Evan Buchanan,kyledavies@example.net,"75638 Jackson Circle Lake Kimbury, MO 66290",2022-02-03
295,Laura Cain,xchristensen@example.com,"503 Obrien Square Apt. 509 Moonland, DC 73269",2023-11-05
296,David Reynolds,weberlisa@example.org,"817 Chapman Glen Suite 294 Ballmouth, MH 52683",2022-08-16
297,Colin Chavez,cameronharris@example.org,"30297 Anderson Bridge Shepherdtown, PW 61574",2020-01-10
298,John Nelson,iherrera@example.net,"4269 Logan Mount East Marychester, MP 02908",2020-07-06
299,Cheryl Ray,andrew47@example.com,"9850 Lindsay Valley Griffinport, IL 39197",2021-01-16
300,Ruth Rivera,camachodavid@example.net,"5996 Mccann Track Suite 403 Avilatown, ME 91052",2021-03-23
301,Mr. Nathan Gaines MD,gillshane@example.net,"69021 Theresa Knolls Suite 575 East Jennifer, MA 83898",2023-12-05
302,Isaac Osborne,diazevan@example.org,Unit 8300 Box 9843 DPO AE 72364,2022-09-25
303,Aaron Lowe,tammydonovan@example.net,"9293 Shaun Camp Suite 279 New Jamesport, NJ 44431",2020-04-15
304,Dana Garcia,williamsbradley@example.net,"7941 Andrews Row Suite 426 New Antonio, MT 91729",2021-10-19
305,Dennis Rojas,aaronjones@example.com,"1585 Gomez Square Suite 679 Mortonmouth, VA 19440",2023-03-28
306,Frank Garcia,dawnmartin@example.net,"531 Jennifer Union Suite 492 East Aaron, NH 04428",2023-07-21
307,William Schmidt,michaelbender@example.net,"61490 Sandra Rest Apt. 182 Lake Cassidyton, WV 19843",2021-02-19
308,Billy Martin,timothy95@example.org,"994 Sanders Spring Kristinaborough, SD 91450",2022-11-12
309,Chase Robinson,prosales@example.net,"852 Samantha Mews Suite 664 Watkinsfort, FM 93596",2023-02-12
310,Charles Miller,farleyamanda@example.com,"00033 Henson Points Apt. 553 Manuelborough, CT 12296",2022-02-26
311,Brett Brewer,vhaley@example.com,"548 Rodriguez Plains Suite 223 Jennamouth, WA 81458",2020-07-10
312,Jessica Jones,howeamanda@example.com,"808 Mitchell Walks Apt. 723 New Joshua, PA 54504",2021-02-05
313,Tanya Smith,moralesjoseph@example.com,"7755 James Lake Apt. 980 Jonathanton, AS 61714",2022-05-11
314,Samantha Cobb,swagner@example.org,"592 Rivera Place Suite 294 Lake Brett, KS 91655",2023-08-22
315,James Cochran,dunlapamy@example.com,"17337 Cardenas Groves Suite 170 Cruzville, CT 34574",2020-05-28
316,Mary Thompson,lmarshall@example.com,"5996 Garcia Ridge Kristinfurt, DE 66190",2022-02-28
317,Brittney Jones,contrerasjohn@example.org,"965 Cruz Mill Suite 096 East Denisemouth, MN 76517",2022-12-11
318,Kathryn Roberts,ywallace@example.net,"PSC 2112, Box 6962 APO AA 81668",2020-12-30
319,Joshua Thompson,kevin43@example.net,"163 Cooper Parkways West Meganville, WI 11243",2023-11-15
320,Lisa Diaz,joshua39@example.com,"0882 Misty Shore Suite 977 West Scotthaven, TN 38229",2023-08-18
321,Deborah Jimenez,vhancock@example.net,"774 Lisa Stream Apt. 151 South Courtneystad, OR 58524",2024-09-13
322,Daniel Morales,ruth34@example.com,"11759 Miller Grove Port Samuel, ND 36361",2020-09-23
323,Jeffery Noble,lcarney@example.org,"8834 Kelsey Crossing Suite 494 Lake Jerryhaven, MN 90194",2023-09-05
324,Eric Smith,rebecca68@example.com,"6300 Miranda Shoal New Tracey, VT 97213",2022-07-14
325,Mark Wagner,franciscojames@example.net,"362 Moore Mount Suite 900 North Logan, TN 09255",2022-02-22
326,Amber Sandoval,langcharles@example.org,"793 Adam Lane Apt. 947 Dustintown, PR 19255",2023-02-12
327,Caitlin Hanson,craigjames@example.org,"8976 Martinez Landing Apt. 244 North Meredith, CT 12459",2022-09-19
328,Maria Obrien,robert10@example.net,"39152 Susan Parkways Suite 917 Noahmouth, NM 93884",2021-05-29
329,John Cooper MD,edwardcarpenter@example.org,"551 Angel Pine Ashleyfurt, PA 63094",2021-02-03
330,Jessica Thompson,jacksonjeffrey@example.net,"9114 Guerra Rest New Christinaton, IL 48067",2024-06-28
331,Angela Hardin,earnold@example.com,Unit 4150 Box 7363 DPO AP 33652,2022-04-29
332,Lisa Macias,brittany80@example.com,"02602 Eric Forest Thomasmouth, NJ 49313",2020-01-12
333,Jennifer Hull,joshua37@example.com,"8378 Nichols Road Lake Amanda, MO 42731",2023-06-19
334,Ashley Dickson,williamslarry@example.org,"193 Robertson Skyway Benjaminmouth, TN 45345",2021-07-03
335,Brooke Copeland DDS,martinezangelica@example.net,"8623 Welch Mount Samanthashire, TX 13535",2024-03-30
336,Donald Rodriguez,lindseywilliams@example.org,"692 Burke View East Jessica, VT 39979",2021-10-17
337,John Solis,carolynphelps@example.net,"76099 Stephen Parkways Apt. 136 Trevormouth, GU 86087",2024-01-28
338,William Frye,zmitchell@example.com,"86259 Burns Rapids East Michael, VT 08096",2023-01-24
339,Samantha Rodgers,fterry@example.com,"36414 Robyn Terrace Torresside, LA 75420",2020-04-02
340,Christopher Ramos,jose45@example.org,"407 Donna Spring Amandastad, NM 20976",2021-12-11
341,Raymond Ibarra,ycompton@example.org,Unit 0605 Box 6396 DPO AP 79320,2024-01-10
342,Gregory Drake,gabriellehughes@example.net,"97414 Wilson Gardens East Dennis, VI 93132",2024-05-17
343,Todd Watkins,jenniferjordan@example.org,"60614 Perez Plains Rodriguezview, PW 32423",2020-12-02
344,Nancy Graves,karen29@example.com,USS Rivera FPO AA 22023,2024-02-29
345,Daniel Morales,allenjudith@example.org,"091 Boyd Walks Adamsland, PA 03577",2024-09-12
346,Samantha Bailey,taylorherrera@example.org,Unit 8328 Box 2805 DPO AE 66358,2020-03-28
347,Jeffrey Brooks,sandraanderson@example.com,"9384 Donna Bypass Port David, AK 70227",2023-03-19
348,Rita Mack,robert13@example.org,"725 Price Squares South Dylan, CO 87877",2021-05-04
349,Jennifer Roberts,katherine91@example.net,"453 Jill Roads Suite 620 North Erin, WA 01150",2021-12-05
350,Emily Howard,keithhinton@example.org,"4724 Samantha Meadows Suite 975 East Lorettabury, FM 45192",2021-07-10
351,Jon Bowen,pricekaren@example.net,"956 Fisher Court South Ryantown, MD 63709",2021-06-12
352,Stephanie Smith,drodriguez@example.com,"2519 Debbie Isle Hodgesview, GU 07435",2021-03-25
353,David Rodriguez,rachel60@example.net,"220 Diane Gateway Suite 161 Lake Diane, WI 18570",2022-07-27
354,Lisa Andrade,morgantimothy@example.net,"39929 Li Ridge Suite 716 New Michelleburgh, LA 98052",2021-03-18
355,Kristin Harris,heidi44@example.org,"8184 Johnson Way Suite 695 New Jessicabury, ID 69671",2020-06-08
356,Jeffrey Hamilton,patricia01@example.org,"240 Joseph Heights Erinshire, TX 65648",2024-08-07
357,Ricardo Weber,vtorres@example.net,"8588 Hayley Mission Apt. 599 Delgadofurt, MT 24711",2020-02-21
358,Seth Hines,nicholashouse@example.net,"8119 Anderson Prairie Hayesmouth, MO 59396",2023-08-30
359,Steven Huerta,bishopwilliam@example.org,"2747 Knight Ridges Lewisville, ID 19303",2022-03-08
360,Carrie Ramos,egrant@example.com,"1196 Jose Streets Mahoneyburgh, MT 53292",2023-11-05
361,Calvin Harris,epadilla@example.com,"86470 David Gateway West Bradleyhaven, DC 09640",2023-11-30
362,Bradley Sullivan,courtney55@example.net,"595 Brian Forge Port Travisfort, FL 49254",2021-04-17
363,Troy Flynn,robertslydia@example.org,"46077 Brady Island Beckyborough, ND 13772",2021-12-20
364,Susan Robinson,thompsonemma@example.com,"0599 Kenneth Haven Kerryville, UT 12693",2021-07-09
365,Kimberly Soto,dale03@example.com,"529 Thompson Fort Lake Melissahaven, HI 58409",2023-04-30
366,Joshua Soto,catherine99@example.com,"07810 Cooke View Apt. 856 North Billychester, KS 52613",2023-09-15
367,Chelsea Calhoun,adambowers@example.com,"52060 Brandon Place Suite 608 Erikaberg, MD 48135",2020-11-12
368,Preston Rice,uhumphrey@example.org,"790 Lopez Inlet Suite 726 East Justin, NV 56121",2020-11-23
369,Peter Bentley,qmiller@example.net,"85678 Peters Springs Apt. 310 Port Lisa, AK 17625",2020-04-27
370,Ashley Krueger,andersongeorge@example.net,"156 Walker Island New Tammyhaven, AL 74230",2022-10-29
371,Miranda Carson,brandondominguez@example.com,"014 Brittany Summit Apt. 412 Savannahborough, MN 29884",2020-07-18
372,Mr. Eric Gutierrez PhD,warrenchristina@example.net,"178 Susan Summit Suite 665 Nathanshire, FL 05307",2020-08-18
373,Kyle Rich,johnbryant@example.org,"0443 Moyer Bypass Whitakermouth, AK 70088",2023-06-01
374,Matthew Moss,scottdavies@example.org,"40502 Paul Route East Timothybury, AL 34503",2021-02-19
375,Jacob Lopez,joseph06@example.net,"2929 Brittany Rest Apt. 841 Campbellborough, GA 91211",2021-11-22
376,Michael Nichols,samuelcarroll@example.com,"829 Seth Ford Harperport, NE 83922",2022-08-09
377,Sandra Nguyen,kristinebarnes@example.net,"6103 Taylor Cliff New Sabrinastad, GA 94816",2020-03-23
378,Kristina Oneal,victor48@example.net,"6679 Stevens Lights New Alexisfurt, SD 54485",2021-03-04
379,Melissa Henry,paul25@example.net,"660 Mendez Burg Apt. 124 Masonside, MN 48750",2022-12-01
380,Julie Johnson,torresomar@example.net,"29380 Clark Locks East Jenniferton, OH 19673",2020-06-15
381,Daniel Cohen,dylan91@example.com,"929 Tony Spur Apt. 134 Jonesmouth, VI 92877",2021-05-11
382,Janet Jimenez,wilsonalyssa@example.org,"5724 Devin Drives South Danielleview, MA 39184",2022-09-16
383,Raymond Bowen,james87@example.net,"7625 Kimberly Pine Apt. 804 South Johnbury, WV 07838",2022-07-28
384,Carlos Haas,kelly72@example.org,"98710 Mcbride Trail Apt. 127 East Jasonberg, NJ 52433",2022-07-05
385,Jonathan Young,adkinsrandall@example.net,"6350 Kemp Mews Apt. 577 Davidside, RI 99775",2020-04-09
386,Mary Goodwin,ismith@example.org,"24162 Ramirez Drive Holtfort, MS 03991",2020-01-25
387,Kathy Thomas,esolomon@example.net,"6897 Rhodes Bypass Apt. 398 North Michaelton, PA 77809",2021-04-16
388,Nathaniel Fisher,elizabeth44@example.net,"90192 Brendan Ridges Suite 412 Crawfordhaven, TX 80456",2021-08-29
389,Joseph Salazar,joshua57@example.com,"1248 Campbell Fall East Becky, MH 52999",2020-08-27
390,Amy White,monique17@example.net,"154 Quinn Lane New Kelsey, FM 99312",2023-09-18
391,Sydney Cooper,gibsontony@example.org,"8054 Linda Loop Apt. 293 New Rebecca, MN 73682",2023-11-11
392,Henry Cain,ewatson@example.com,"315 Donald Branch Lake Melissa, MN 87565",2021-08-30
393,Erika Shelton,thomas66@example.com,"84997 Tamara Stream New Kathleen, CT 28151",2021-12-14
394,David Young,jay79@example.com,"64704 Lindsey Isle Suite 234 Lake Ryan, CT 94818",2020-08-02
395,Amy Kerr,gwaters@example.org,"587 Rebecca Mountains Suite 023 Lake Stephen, NY 18868",2021-10-01
396,Rachel Smith DDS,vwright@example.com,USCGC Stevens FPO AP 56355,2020-05-17
397,Charles Thompson,jonescynthia@example.org,"22132 Garcia Throughway Suite 957 New Stevenland, AZ 15581",2021-04-05
398,Ebony Bush,brian60@example.com,"93940 Matthew Row Suite 569 North James, DC 32433",2022-09-06
399,Tara Young,owensmichael@example.net,Unit 3299 Box 9181 DPO AA 40843,2023-10-30
400,Grace Martin,mwood@example.com,"38281 Hill Street Brucestad, FM 48168",2020-12-25
