id,name,email,address,date_joined
1,John Martin,davidbowman@example.com,"179 Joseph Circles Suite 110 Lake Zacharyfurt, WI 99336",2020-09-25
2,Jennifer Weber,josephdickson@example.com,"68037 Travis Ranch Suite 885 West Louisberg, NV 99116",2020-02-10
3,Rachel Welch,wallrebekah@example.org,"003 White Plaza Apt. 117 East Lisaland, NH 61057",2021-05-25
4,Bridget Robinson,chuerta@example.org,"723 Calvin Drive Youngland, FL 73092",2023-03-03
5,Cynthia King,nsantos@example.com,"73487 Gutierrez Canyon Reyeston, VA 65909",2021-01-19
6,Sarah Hernandez,vbaxter@example.net,USNS Peterson FPO AA 37121,2022-05-26
7,Devin Adams,nicholas05@example.net,"99096 Kelly Trafficway Herringville, KS 04328",2020-08-17
8,Peter Johnson,stevengalloway@example.org,"69384 Sanders Forks Suite 873 New Dylan, KS 13714",2022-04-17
9,Michael Stein,aprilgrant@example.net,"43414 Connor Road Suite 139 Hullborough, DC 65641",2020-10-26
10,Tonya Clarke,rthomas@example.org,"2067 Patterson Hills West Sarah, CO 89818",2024-09-30
11,Tina Smith,xneal@example.com,"5645 Jack Hill Suite 895 East Brandonville, AK 76480",2023-09-19
12,Christine Thomas,anne06@example.org,"65136 Destiny Passage Nicolemouth, NE 96371",2023-08-04
13,Julie French,buckleykevin@example.net,"50713 Martinez Forges New Jonathan, FM 73160",2023-01-05
14,Shawn Brooks,willie91@example.com,"PSC 9176, Box 7002 APO AA 17305",2021-01-17
15,Joshua Hensley,wesley36@example.net,"PSC 4278, Box 8752 APO AE 36777",2023-09-21
16,Philip Martinez,tpotts@example.net,"64915 Tamara Pike Terrystad, NC 81067",2024-02-02
17,Eric Hart,larsondylan@example.net,"6848 David Mountains Apt. 947 North Amyburgh, DE 23183",2023-06-15
18,Hannah Carson,fheath@example.org,"124 Thomas Trail Apt. 395 Kellyfurt, MI 24792",2024-02-01
19,Renee Hernandez,danaray@example.org,"36652 James Ridge Vaughnville, PA 92716",2024-04-14
20,Christopher Garcia,hornraven@example.net,USNV Lewis FPO AA 64932,2020-06-14
21,Cheryl Fields,nmitchell@example.net,"8197 Bowen Forge New Kenneth, VT 66774",2021-11-29
22,Cynthia Cooper,russellstewart@example.org,"13237 Potter Mills Mathewville, NH 49373",2024-01-23
23,Robert Odonnell,michellecordova@example.net,"169 Nielsen Motorway Port Jennifer, ID 81667",2021-10-01
24,Jennifer Marsh,vargaspatricia@example.org,"726 Watson Pass Suite 652 Port Debbieborough, DC 48836",2023-01-10
25,Lindsay Lucas,davispeter@example.com,"40702 Eileen Throughway East Raymondburgh, FL 93457",2021-02-21
26,Randall Gonzalez,dbrown@example.org,"9621 Grace Road Randallton, MO 83198",2020-10-04
27,Alex Miller,qbenton@example.com,"655 Danielle Lock Suite 290 Leonardchester, NM 84778",2021-06-02
28,James Caldwell,diane05@example.com,"6668 Turner Ville Apt. 308 Melissaview, WV 05869",2022-08-17
29,Valerie Martinez,tjones@example.net,"866 Julie Vista Apt. 726 South Peterbury, KY 61277",2022-11-12
30,Julia Navarro,bruce97@example.org,"11865 Schmidt Lakes Ericahaven, MO 54561",2021-03-19
31,Nicholas Taylor,jeremyspencer@example.org,"83987 Jennifer Junction Mariaberg, AL 75081",2022-08-29
32,Kimberly Logan,richard29@example.net,"90548 Graham Ridges Bridgetmouth, MS 96043",2022-06-20
33,Shannon Horn,benitezteresa@example.org,"2732 Johns Park Suite 851 Lake Billystad, IL 96033",2024-07-06
34,Brian Craig,donna84@example.com,Unit 2783 Box 9752 DPO AE 95323,2022-04-27
35,Denise Bruce,craigcline@example.org,Unit 2404 Box 7491 DPO AA 23603,2024-04-03
36,Robert Copeland,xhayes@example.net,"076 Keller Trafficway Suite 937 West Brentburgh, NJ 42296",2024-03-07
37,Laura Garcia,donnajohnson@example.net,"9907 Kenneth Tunnel South Robert, WY 19683",2023-04-16
38,Hannah Atkinson,guzmanlori@example.org,"78914 Knight Drives Suite 630 North Jennifer, VI 62504",2024-03-19
39,Alan Mcpherson,stouteric@example.com,"5470 Amanda Lakes Apt. 985 Juliaville, MS 35867",2020-03-22
40,Breanna Medina,edwardssamuel@example.org,"89371 Hamilton Mews Melissatown, PW 50391",2022-11-07
41,Justin Aguirre,fbarton@example.org,"721 Patterson Meadows Coxchester, VT 34261",2020-12-24
42,Bonnie Wade,kathrynmoody@example.com,USS Simpson FPO AP 22750,2024-02-29
43,Paul Fisher,lisa48@example.org,"810 Boyd Crossing Port Marilynbury, FL 68704",2020-01-14
44,Darren Hamilton,marshalltanya@example.com,"7181 Steven Station Suite 428 Dennisview, OK 41655",2023-02-15
45,Melanie Perry,abigailcrawford@example.org,"771 Kelly Corners Suite 817 South Chadmouth, NC 82920",2021-02-28
46,Kimberly Stewart,breannaflores@example.com,"42328 Jenkins Wall Suite 557 Hunthaven, AS 82876",2023-01-29
47,Kimberly Richards,wangvincent@example.net,"007 Wall Burgs Apt. 374 New Raymond, MA 36188",2021-07-08
48,Patrick Porter,lori61@example.org,"78342 Brown Turnpike Suite 426 Knightburgh, AL 10545",2022-05-09
49,Amanda Moon,kevin05@example.net,USS Peterson FPO AA 96789,2020-02-09
50,Lindsey Sawyer,ywatkins@example.org,"46032 Lowe Walk Suite 436 East Austinside, MS 27863",2024-06-30
51,Candace Mills,gordonanthony@example.net,"1217 Boyle Plains Robinville, WA 32644",2022-04-20
52,Samantha Stevens,parkspaul@example.net,"8571 Matthew Point Danielleshire, WV 92276",2022-05-04
53,Anita Collins,christopher64@example.net,"408 Donovan Cove Apt. 782 Anthonyberg, OH 04151",2024-07-20
54,James Dunn,bradleysanders@example.com,"3479 Brian Views South Jennifer, AL 03515",2020-02-05
55,Leslie Hawkins,allenbryan@example.org,"5237 Sharon Forest Brianborough, VA 08470",2022-07-09
56,Elizabeth Zimmerman,fharris@example.com,"32988 Craig Circles Suite 871 Petershire, AL 74120",2020-11-25
57,Kelly Wagner,cjordan@example.net,"9402 Kimberly Junction East Brendaland, AR 83737",2020-06-17
58,Jill Lin,eross@example.net,"13153 Walls Keys Suite 091 Lake Brandi, CO 12586",2023-12-25
59,Jeffrey Conley,nolanjames@example.org,"7503 Welch Shoals Bradfordborough, GA 05375",2021-08-24
60,Christie Washington,brian86@example.com,"196 Barry Extensions Suite 035 Browntown, IA 51367",2022-06-29
61,Danielle Green,qgarcia@example.net,"5632 Jacob Throughway Apt. 340 West Jessicahaven, AR 92227",2024-08-11
62,Shannon Rodriguez,hdavis@example.net,"11016 Sullivan Vista East Anthony, ID 32484",2023-07-16
63,Zachary Garcia,millerpaula@example.net,"21767 Peter Hill North Veronicastad, DE 03275",2021-10-16
64,Bryan Flowers,banksjeffrey@example.net,"362 Weaver Meadow Sandovalfurt, CT 41116",2023-02-13
65,Deborah Johnson,nrichardson@example.net,"4943 Jessica View East Henryville, CO 78599",2021-01-25
66,Eric James,michaelwhite@example.org,"340 Stuart Key Hendricksport, MN 02580",2021-11-04
67,Kevin Smith,kaylaholland@example.org,USCGC Young FPO AP 09250,2023-08-17
68,Rebecca Harris,mmendoza@example.net,"293 Schroeder Shore East Megan, IN 53309",2023-10-20
69,Judy Brock,michaellowe@example.com,"6894 David Alley Lake Jennifer, AZ 15614",2022-11-10
70,Anthony Cruz,lopezvanessa@example.com,"67286 Anthony Summit West Jordan, KS 39904",2022-02-14
71,Tara Salinas,ericacalderon@example.net,"415 Miller Roads South Cynthiaton, CO 61064",2022-05-02
72,Eric Davis,robertssarah@example.com,"PSC 0286, Box 2111 APO AA 46183",2022-03-28
73,Shawn Higgins,matthew95@example.com,"1951 Johnson Mountain East Ashleyfort, ID 72994",2023-09-19
74,Raymond Rios,garciajohn@example.org,"1332 Anthony Islands Brandonfort, PW 03963",2022-11-13
75,Olivia Buckley,thomas27@example.org,"65405 Roberts Square Apt. 571 Morganton, LA 15460",2020-02-15
76,John Summers,williamsaaron@example.net,"406 Rowe Drive Webbchester, FM 84722",2023-07-02
77,Derrick Gibson,jessicatodd@example.net,"54469 Robert Ports Apt. 461 Tranfurt, VT 40548",2023-04-13
78,Ray Wallace,josecole@example.net,"PSC 1831, Box 4151 APO AA 64559",2023-06-11
79,Joseph Merritt,russellpatricia@example.com,"29415 Tiffany Point West Vanessaville, GA 77612",2021-03-25
80,James Williams,zmedina@example.net,"760 Kevin Isle Suite 576 East Gregory, NJ 74609",2022-10-16
81,Felicia Murray,matalee@example.net,"78819 Frances Alley Suite 088 Port Eric, RI 30523",2024-07-07
82,Kristy Hahn,luke81@example.org,"72059 Espinoza Lights Suite 648 West Andrewchester, TX 85906",2021-02-28
83,Cristian Fisher,delgadolorraine@example.net,USCGC Gonzales FPO AP 10454,2022-11-08
84,Susan Ramirez,wilkersonmegan@example.net,"386 Adams Ranch Apt. 276 Jonathanton, VT 57975",2020-07-21
85,Sara Mcpherson,browndebra@example.org,"1502 Thomas Ramp Apt. 650 Crystalfurt, VA 32724",2022-04-14
86,James Woods,robertfischer@example.com,"50989 Lori Greens Suite 901 Lake Nicholebury, MD 50789",2020-03-10
87,Alyssa Watson,jbray@example.com,"6119 Jonathan Skyway Suite 445 East Brandon, NV 62017",2023-09-05
88,James Marquez,rcurtis@example.com,"3605 Hicks Meadow New Matthewberg, WI 27966",2020-03-27
89,Victoria Riggs,kirbystephen@example.org,"1969 Hicks Spur Suite 572 Kristinestad, NC 28238",2024-07-16
90,Carol Stewart,dlee@example.com,"069 Kline Parkway Suite 745 West Lisachester, NH 94872",2021-07-08
91,Michelle Ritter,scottturner@example.org,"81517 Sheila Mills Lake Chris, AZ 86632",2020-06-15
92,Mike Ward,jeffrey44@example.com,"9957 Tanya Roads Apt. 478 Paceborough, AL 66570",2021-08-31
93,Nicole Clark,jimmy18@example.org,"88161 Kristina Prairie Brittanystad, NV 23107",2024-10-03
94,Jerry Jordan,ajones@example.net,"4465 Cabrera Causeway Jamesstad, TX 34351",2021-03-14
95,Laura Jensen,jaredvelazquez@example.com,"080 Cook Inlet Hansonmouth, MD 61336",2020-02-04
96,Nicholas Pierce,marymoore@example.com,"71032 Jaime Knolls Lake Lesliemouth, MP 21971",2022-07-29
97,Diane Rodriguez MD,wagnerdestiny@example.org,"81447 Miller Overpass Mckeefort, MN 77394",2021-03-14
98,Casey Taylor,kellerjoseph@example.com,"034 Boyd Islands Suite 023 Burgesstown, CT 80132",2020-02-25
99,Johnny Welch DDS,steven47@example.net,"7625 Derrick Corners Suite 910 Shanefort, MH 58814",2023-01-16
100,Debra Mitchell,ulee@example.net,"9084 William Plain Suite 875 Port Joe, GA 16170",2022-06-04
101,Heather Branch,alexanderlucas@example.com,"PSC 0313, Box 9903 APO AA 94138",2021-08-18
102,Amanda Burke,victoriaanderson@example.net,"0778 Kevin Forest Sheenamouth, MP 68086",2021-09-05
103,Mr. Frank Hoover,eherrera@example.net,"3238 Porter Road Apt. 117 Deniseland, TN 31646",2022-05-25
104,Carla Chase,brooke44@example.net,"8065 Alexis Light Lisashire, MP 97165",2023-06-23
105,Kevin Castro,carolinemay@example.org,"731 Sanders Row North Juan, ID 93498",2021-08-23
106,Christina Thomas,jasonmason@example.net,"63276 Wong Points North Brian, FM 98396",2023-01-13
107,Melinda Ayala,jonathansummers@example.net,"PSC 9103, Box 4269 APO AA 81682",2021-12-20
108,Justin Barrett,richard30@example.com,"5694 Key Manor Suite 704 Wilkersonchester, MS 64696",2022-09-04
109,Scott Lyons,jonesmichael@example.net,"6480 Parker Lights Apt. 126 Bennettshire, KY 95246",2020-08-22
110,Aaron Stewart,stephaniemedina@example.org,"643 Jarvis Mount New Stephanieport, GA 12411",2024-02-07
111,Marissa Cooper,robinsonevelyn@example.org,"7914 Billy Plains Markview, MN 67050",2022-06-26
112,Casey Diaz,graykim@example.com,"84097 Stephenson Station Suite 966 Port Zacharymouth, MN 91438",2023-12-04
113,David Wood,tduke@example.org,"46325 Joel Walks Martinezfurt, MO 12662",2024-10-07
114,Raymond Wilson,xgray@example.org,"243 Devin Views Suite 424 New Henryville, TN 68159",2022-10-17
115,Joy Guerra,qkramer@example.net,"853 Thomas Plain East Adrian, OH 84736",2022-11-05
116,William Ward,erikhopkins@example.net,"7256 Arnold Knolls Lake Ryanland, WV 74697",2021-08-26
117,Kathleen Ewing,jamesmiller@example.org,"932 Mason Land Port Paul, RI 52828",2022-04-21
118,Dwayne Ryan,rlee@example.com,"PSC 0803, Box 2232 APO AE 24213",2024-02-23
119,Stacey Lewis,kimberly71@example.com,"99811 Lindsay Ridge Suite 849 Port Stevenland, WV 28919",2023-05-28
120,Jennifer Brown,qrowland@example.net,"524 Gallagher Mall Suite 785 New Sarahton, WV 82573",2021-05-25
121,Jennifer Foster,clarkjustin@example.net,"84792 Taylor Loop South Kenneth, MP 79767",2022-07-09
122,Anne Thompson,brandonbullock@example.org,Unit 5141 Box 1535 DPO AP 30172,2022-05-14
123,Matthew Blake,agonzalez@example.org,"214 Phillips Roads Sierramouth, DE 48610",2020-02-11
124,Rachel Jones,karasnow@example.com,"94755 Noah Throughway Apt. 581 Aprilfort, WI 57118",2022-02-25
125,Jason Harris,kimholly@example.org,USNV Barton FPO AP 87872,2023-01-13
126,James Harris,kelly95@example.com,"293 Reid Corners Apt. 360 West Mark, IN 55869",2021-10-06
127,Cynthia Harrison,marthabridges@example.net,"456 Cole Corner Apt. 072 Lake Robertburgh, WV 32005",2022-08-05
128,Kayla Bean,lyonsbrenda@example.com,"51823 Moore Pike Apt. 623 Greenemouth, AL 28533",2020-06-14
129,David Green,phillipsbenjamin@example.org,"403 Johnson Mills Washingtonville, AL 07493",2021-02-14
130,Alec Pugh,wrios@example.org,"PSC 8122, Box 5634 APO AP 29735",2022-04-06
131,Charles Gardner,vmartinez@example.net,"6369 Teresa Expressway Suite 507 Traceyshire, MD 69857",2022-06-26
132,Luis Owen,linda36@example.net,Unit 5612 Box 0910 DPO AA 90153,2020-08-10
133,Michelle Myers,butleradrienne@example.com,Unit 5858 Box 9642 DPO AE 92606,2021-02-09
134,Pamela Cooper,caseydavid@example.com,"14447 Miller Turnpike Kellybury, IN 50666",2024-07-09
135,Kelly Martin,zfleming@example.net,"95455 Hamilton Spring Apt. 473 Bettyberg, SC 90640",2020-02-29
136,Dr. Kathryn Holland MD,gregorygeorge@example.com,"81979 Dustin Avenue Apt. 297 Lindseyview, AL 90846",2022-04-23
137,John Green,daniel81@example.net,"8227 Adam Greens Suite 104 Patrickton, FM 65445",2022-10-02
138,Rachael Lewis,melissa86@example.org,"789 King Hills West Stephanieburgh, CO 63463",2021-04-06
139,Isaac Tanner,dawn58@example.com,"5631 Robin Stravenue Suite 299 Wallacechester, NV 08094",2023-03-29
140,Michele Anderson,pvelazquez@example.net,"2359 Norman Place Apt. 288 Millerfurt, WY 65671",2021-06-01
141,Tiffany Lee MD,joshua25@example.com,"9296 Gibson Square Suite 114 Tamistad, CT 07043",2022-05-28
142,Brian Davis Jr.,aevans@example.org,"5307 Bonnie Unions Jillianshire, AZ 98399",2023-01-08
143,Alexandria Harris,josephstephens@example.net,Unit 9309 Box 3544 DPO AA 97234,2023-05-23
144,Kevin Ruiz,richard54@example.org,"514 Miller Shoals South Alexandertown, MS 04624",2022-04-06
145,Tina Davis,brandi46@example.com,"2301 George Keys Scottside, NE 06521",2020-08-31
146,Robert Cook,stephen05@example.com,"34769 Joan Pines Brownside, ND 56195",2024-04-22
147,Shirley Taylor,yateslatasha@example.com,"10441 Michelle Land Apt. 963 Madelinefurt, NJ 70485",2022-05-13
148,Patrick Stevens,victoriajohnson@example.org,"5478 Debra Camp Wongville, VA 59731",2024-01-29
149,Miss Brittany Price,sara32@example.net,"495 Lam Radial West Brandon, TN 88172",2022-04-07
150,Lawrence Orozco,iknight@example.net,"850 Conner Shore Apt. 085 Bellburgh, RI 17533",2022-05-22
151,Dustin Clarke,grobinson@example.org,"06411 Alan Brook Lisaburgh, DE 24203",2020-01-20
152,Kara Rice,anthony39@example.net,"85523 Smith Unions Nguyenstad, UT 89815",2021-05-24
153,Lisa Jones,ccook@example.org,"24045 Cline Crossing West Tylermouth, MT 25066",2021-10-01
154,Joel Owens,michael32@example.com,"93966 Hughes Path Suite 244 Port Corey, VA 58332",2020-04-04
155,Christopher Smith,olsonryan@example.com,"31071 Simmons Brook Jamesport, AL 15625",2020-03-12
156,Ashley Parker,wrightdonna@example.org,"8885 Raymond Trail New Brian, IN 80339",2024-09-26
157,Laurie Powell,nichole65@example.org,"9459 Christopher Falls New Noah, AS 93396",2023-11-14
158,Carol Stewart,brendacarter@example.com,"9188 Bradley Fords Suite 635 Meyerton, AS 17566",2021-05-06
159,Robert Holmes,katherinemorrison@example.com,"PSC 0472, Box 1188 APO AE 30968",2024-08-22
160,Michael Salazar,theresacarter@example.org,Unit 5748 Box 1075 DPO AP 44107,2023-08-13
161,Vanessa Norton,lisa21@example.net,"PSC 7852, Box 4745 APO AA 82262",2021-03-10
162,James Crosby,kimberlystrickland@example.net,"5224 Marshall Coves Apt. 159 Lake Jasmine, AZ 24581",2023-03-12
163,Michael Phillips,jacksoncarmen@example.net,"988 Johnson Flat Apt. 607 Port Denise, WI 72605",2020-11-26
164,Derek Wilson,lynchbenjamin@example.org,"4349 Villegas Street Suite 251 Danielhaven, IN 49430",2020-01-22
165,Bryan Wong,davisheather@example.org,"54666 Miller Ways Michealtown, VA 13196",2021-06-04
166,Robert Morrison,gravesteresa@example.com,"33792 Glover Corner Wandamouth, AR 79496",2023-07-03
167,Brian Morgan,dhull@example.com,"75537 Harris Ranch Lake Cindy, HI 34697",2023-11-01
168,Michael Burns,cwilliams@example.net,"7002 Jessica Isle North Troy, AS 99405",2023-08-23
169,Patricia Jones,betty71@example.com,"870 Jamie Lodge South Patrickville, NH 44055",2021-01-05
170,Elizabeth Roberts,umalone@example.net,"8407 Matthew Shore Suite 002 Jacksonfort, MA 86316",2024-03-26
171,John Silva,david80@example.com,"87949 Christina Station Apt. 741 Greeneborough, FM 97722",2023-12-11
172,Alan Dunlap,wardvictor@example.com,"1674 Kara Curve Apt. 590 West Amyfort, IA 92203",2022-11-24
173,Savannah Smith,jonesjeffrey@example.org,"289 Johnson Springs Suite 825 Port Thomas, VA 36327",2022-06-28
174,Melissa Hart,burtondustin@example.com,"088 Michael Passage Wilsonbury, MA 15820",2023-09-05
175,Ann Walker,istevenson@example.net,"32073 Aguirre Flats Edwardsville, KY 07529",2021-12-13
176,Savannah Simpson,heathermiller@example.net,"4644 Lisa Ramp Apt. 677 East Deniseport, MO 31411",2020-07-07
177,William Hill,tomsmith@example.org,"42498 Villanueva Neck Jeromefurt, WA 72575",2022-07-08
178,Kristin Oneal,oturner@example.net,"5715 Wilson Street Suite 009 Ronaldborough, OH 44019",2020-12-25
179,Jordan Perry,hswanson@example.com,"375 Patricia Neck Willieside, MA 72851",2024-06-07
180,Nicholas Young,lisa89@example.org,Unit 6348 Box 7351 DPO AA 14916,2020-04-08
181,Dennis Freeman,durhamadriana@example.com,"885 Jones Fords Apt. 437 Foleyburgh, MN 86902",2023-10-31
182,Ms. Donna Lindsey,christopherellis@example.net,"406 Perez Park Suite 173 North Markview, DE 32037",2020-02-25
183,Alexander Wallace,ufuentes@example.net,"0447 Brandon Unions Apt. 118 East Sarahchester, NY 68861",2023-02-09
184,Debbie Pacheco,ereynolds@example.com,USNV Burnett FPO AA 25096,2021-06-10
185,April Phillips,andrea46@example.net,"3447 Jordan Fork Apt. 979 Heatherview, KY 34909",2024-08-20
186,Lee Smith,hchandler@example.org,"51054 Christensen Divide New Justinhaven, SC 97275",2021-11-22
187,Joshua Foley,donovanjames@example.com,USCGC Anderson FPO AE 98324,2024-10-06
188,Ryan Kennedy,rebekah52@example.com,"04788 Cain Inlet Suite 352 South Linda, NH 53359",2020-01-01
189,Shawn Sanchez,ericalamb@example.com,"79675 Duran Park Markland, MO 21303",2022-06-06
190,Evan Vargas,danielle87@example.org,"PSC 7480, Box 6465 APO AE 98182",2020-03-03
191,Kathleen Ryan,millskeith@example.org,"488 Miller Knolls Suite 017 South Justinchester, RI 43261",2023-08-03
192,Matthew Shah,qmorgan@example.net,"93000 Santana Valleys Davidsonbury, VA 74187",2023-08-19
193,Mrs. Jean Maddox DVM,armstrongsarah@example.org,"PSC 3407, Box 8668 APO AA 90564",2022-10-01
194,Emily Sharp,rileytracy@example.com,"00785 Elizabeth Land Apt. 573 Michaelhaven, AZ 67087",2024-05-08
195,Andrew Davis,carpenterjoseph@example.org,"7367 Smith Street Apt. 815 North Timothyfort, NM 17553",2022-01-20
196,Jasmine Lane MD,steven48@example.net,"189 Martinez Parkways Calderonberg, WI 80516",2022-10-22
197,Jason Williams,orobertson@example.com,"8139 Cynthia Burgs Port Leonardview, OR 16338",2020-09-01
198,Debbie Henry,evaldez@example.com,"9102 Lewis Estates Lake Williamview, IN 34230",2020-03-16
199,Matthew Cook,pdixon@example.com,"9509 Salazar Vista Danielfort, HI 22763",2021-11-29
200,Tracy Foster,alexanderferguson@example.com,"97076 Hernandez Flats Apt. 954 Phillipsland, FL 01260",2022-08-24
201,Megan Gould,nstewart@example.net,USCGC Johnson FPO AA 69395,2023-08-01
202,Shawn Nguyen,inguyen@example.net,"5244 Casey Islands New Aaron, AS 89721",2021-06-13
203,Samantha Powers,alexis42@example.org,"375 Jade Spurs Apt. 615 Careyland, KY 50706",2023-08-18
204,Wanda Higgins,mary45@example.org,"8659 Donna Parkways Port Davidhaven, AK 12821",2022-12-08
205,Michael Vaughn,nunezjasmine@example.org,"8356 Martin Courts North Johnburgh, MI 05132",2020-12-02
206,Thomas Lawson,ilawson@example.org,"54945 Laura Pass Suite 514 North Alexandraborough, FL 61264",2020-09-07
207,Patricia Jones,russellryan@example.com,"545 Harris Land Suite 030 Port Andrea, OH 27219",2020-05-21
208,Brandon Kim,traviscarlson@example.net,"170 Michael Crescent Apt. 749 Willisborough, MP 02744",2021-05-13
209,Teresa Bell,cbender@example.org,"3030 Richards Corner Suite 439 East Tracyland, NY 97097",2022-01-01
210,Patrick Davis,lorilane@example.org,"6157 May Field Apt. 654 New Eugene, AK 70990",2020-08-03
211,Kathy Jackson,brownbrian@example.org,"577 Michael Cove Suite 427 West Nicholas, KY 46440",2020-11-07
212,Lisa Galvan,andersonluis@example.com,Unit 7730 Box 2201 DPO AA 10736,2024-07-28
213,Charles Sparks,evanskevin@example.net,"508 Sabrina Falls Apt. 146 Hallmouth, KY 08080",2024-01-04
214,James Cohen,shelbynovak@example.com,"73319 Savannah Rest Suite 139 Tracyville, MI 58760",2023-04-12
215,Charles Flores,corey01@example.net,"8855 Aaron Field Suite 910 Lake Peggy, DE 63092",2021-10-12
216,Kevin Lopez,richardgaines@example.com,"07745 Jenkins Walk Kennedyberg, NM 21076",2024-05-05
217,Kevin Garcia,jamie48@example.com,"3300 Williams Street Suite 693 Elijahmouth, FL 48943",2021-12-01
218,Sara Franco,boonejoseph@example.net,"6626 Arnold Trace Port Nathanfurt, TN 95774",2023-12-08
219,Robert Sanchez,lopezjason@example.com,"079 Amy Flats Morganchester, SD 07809",2023-08-20
220,Spencer Moore,michael70@example.org,"61268 Terri Branch South Anthony, IL 70912",2023-12-02
221,Nicholas Craig,rodney45@example.org,Unit 9444 Box 3089 DPO AE 31100,2022-09-21
222,Robert Sutton,mjohnson@example.com,"5850 Richard Mountains Suite 573 Ortegamouth, UT 19535",2022-08-22
223,Sandra Johnson,larry77@example.net,"0960 Sean Lodge Apt. 511 South John, MT 76308",2020-03-05
224,Jessica Green,heatherrivera@example.net,"033 Cathy Course Suite 963 Lake Juan, CA 30797",2024-08-15
225,Nicholas Cantu,isaac42@example.org,"PSC 5580, Box 3353 APO AA 48584",2021-07-27
226,Eric Gonzalez,stewartricky@example.net,"23024 Hall Drive Apt. 204 Francisville, TX 58710",2022-05-24
227,Scott Villarreal,vho@example.org,"3997 Gina Ranch East Christinefort, NC 13210",2023-10-22
228,Cassandra Carrillo,april12@example.org,"5959 Dillon Springs South Ashley, NH 52753",2021-02-24
229,Nicole Stewart,nhall@example.net,"75094 Sherman Vista Apt. 045 Erikville, MI 24656",2023-12-09
230,Jason Snyder,zparrish@example.net,"4928 Brandon Fork Andersonside, GU 90919",2024-04-07
231,Samantha Jackson,michealmurphy@example.com,"30615 Adam Spring Suite 060 Port Abigail, DE 44324",2023-01-23
232,Elizabeth Terry,torreshannah@example.org,"0182 Wang Pike East Dylanhaven, NM 53900",2022-03-09
233,Diana Walker,cperez@example.com,"6821 Mitchell Greens Apt. 887 Jessicaland, LA 13234",2020-10-14
234,Shane Gallagher,cthomas@example.org,"5988 Cantu Turnpike Suite 783 Port Erika, TX 67453",2023-01-29
235,April Dunlap,pwoodard@example.org,"55201 Lisa Row New Jordan, HI 05710",2021-06-26
236,Danny Smith,kgraham@example.org,"8020 Justin Squares New Denise, NH 65612",2022-07-19
237,Marc Bishop,john97@example.com,"13199 Michelle Hollow Suite 686 Parkerstad, AR 92736",2022-12-30
238,Joshua Coleman,fieldsronald@example.com,"27658 Austin Mews Apt. 302 Thomaschester, DC 50568",2021-06-19
239,Michael Weaver,ftyler@example.com,"55795 Yvonne Pass Apt. 165 Tamarastad, NM 18396",2021-05-24
240,Cheryl Smith,sean40@example.com,"36142 Katherine Lock Suite 791 Robertstad, PA 35824",2021-01-27
241,Christina Ruiz,fwallace@example.org,Unit 2568 Box 1722 DPO AE 09369,2021-11-13
242,Tracy Stone,angelsingleton@example.com,"53768 Freeman Lane East Michelleside, MP 58137",2020-12-20
243,Ruben Jackson,gonzalezgregory@example.com,"634 Jessica Inlet East Brandon, HI 24499",2021-05-30
244,Henry Blanchard,frusso@example.net,Unit 3448 Box 5978 DPO AA 47166,2023-12-16
245,Amanda Manning,kimberly55@example.net,"3764 Brandon Mill Apt. 871 South Michelle, NV 39130",2021-03-10
246,Ms. Rita Collins,mhawkins@example.org,"905 Barbara Pike Rebekahton, VI 48762",2022-11-07
247,Elizabeth Arnold,glevy@example.com,"7074 Beth Crossing Suite 415 Port Isaacberg, MN 45518",2024-06-26
248,Marvin David,teresa27@example.net,"PSC 9174, Box 7981 APO AA 67936",2020-02-03
249,Todd Rangel,richardhall@example.org,USNV Molina FPO AA 18009,2021-07-16
250,Tanya Pope,scott67@example.net,"3488 Farmer Corner Apt. 298 Lake Steven, IL 32648",2024-03-19
251,Annette Nunez,david51@example.com,"12147 Eric Passage South Nicholasfort, OK 13619",2022-07-22
252,Eric Gonzalez,steven21@example.net,"5471 Miranda Way Port Stephaniehaven, GU 04810",2022-10-13
253,Alexis Schroeder,amandapeterson@example.org,"PSC 5869, Box 2522 APO AE 37608",2022-12-20
254,Shawn Yu,jillianfischer@example.com,"01390 Bailey River Micheleberg, MP 77613",2021-02-20
255,Thomas White,russellkendra@example.com,"29998 James Lodge Suite 033 Lake Christopherberg, NC 92508",2024-06-12
256,Kenneth Kramer,ewhite@example.com,"9442 Debbie Rapids Lake Jeffreyfort, OH 70151",2023-08-20
257,Marcus Wang,davidgomez@example.org,"1961 Summers Corners Apt. 658 Lake Victoria, NH 78711",2021-07-04
258,Shirley Perkins DVM,mfranklin@example.net,"7876 Blackburn Glen Suite 623 Dylanmouth, WA 96928",2024-05-02
259,Carol Browning,greenegary@example.com,"9596 April Mountain Fowlerview, NC 16386",2020-03-30
260,Richard Smith,brittany67@example.net,"0849 Scott Row West Jason, MS 30288",2021-10-18
261,Jesse Smith,mayoashley@example.org,"2933 Glenda View Sanchezburgh, FM 64498",2024-09-08
262,Kimberly Matthews,andrewmartinez@example.com,"4105 Carr Ways Apt. 864 Allenhaven, MH 87347",2024-06-29
263,Suzanne Joyce,johnwalker@example.com,"8473 Alexander Mall Edwardsport, NM 01950",2021-12-17
264,Jordan Ortiz,jennifer39@example.com,"0453 Hurley Fords Suite 056 Floresfort, FL 54849",2024-02-11
265,Joan Jones,emilydiaz@example.org,"393 Adams Station Apt. 404 Jenniferfort, WA 78188",2023-08-13
266,Joshua Wilson,daviskelly@example.com,"48010 Garcia Passage Apt. 449 Victorport, AS 31718",2022-11-21
267,Bailey Strong,qcarter@example.net,"79608 Yates View South David, MN 93616",2023-05-03
268,Emily Rodriguez,yharmon@example.net,"93154 Clarence Stravenue Apt. 034 Rebeccachester, CT 91977",2023-05-15
269,Emily Davis,travis08@example.net,"16506 Lisa Station Apt. 024 Nancyhaven, TN 83296",2020-07-21
270,Brandon Morales,michelle62@example.org,Unit 9460 Box 7863 DPO AE 34342,2023-08-25
271,Tammie White,alexandriaedwards@example.org,"43718 Bryant Estates Suite 513 Port Danielburgh, MS 49034",2023-03-05
272,Bradley Blackwell,nfrazier@example.org,"2199 Benton Radial Salazarbury, IA 90211",2023-08-18
273,Laura Turner,caldwelldustin@example.com,"07653 Morgan Port Suite 658 Kempshire, MH 69603",2023-12-25
274,Rebecca Keith,mia87@example.com,Unit 9837 Box 6426 DPO AP 07891,2021-04-10
275,Jerry Kerr,christianhawkins@example.net,"7225 Erik Cape Suite 510 Wagnerside, OR 24331",2024-09-03
276,Kimberly Fischer,williamrussell@example.net,"591 Joy Grove Apt. 646 Jonesside, OR 24975",2024-05-07
277,Anna Diaz,katherinegarcia@example.net,"54954 Tonya Prairie New Marcus, NE 30383",2023-09-24
278,Lisa Beasley,kaylarobinson@example.org,"31545 Robles Neck Navarroborough, LA 79554",2022-06-28
279,Beth King,jeffcoleman@example.com,"284 Norton Lock South Kaitlin, MS 63469",2024-04-19
280,Jenna Williams,emilydyer@example.org,"79834 Tina Neck Hendersonside, NH 57340",2024-05-27
281,Harry Brown,kylesmith@example.net,"11913 Wilson Freeway Suite 939 East Sarah, WA 79748",2020-07-20
282,Stephen Holland,chenkimberly@example.org,"10024 Heather Parks West Jenniferberg, DE 86140",2023-02-13
283,Sandra Sosa,debrasalinas@example.com,"23935 Eric Corner Apt. 297 Lake April, HI 49459",2023-04-14
284,Christina Gray,chavezgary@example.net,"156 Suarez Rapids Apt. 371 Hallview, HI 18746",2021-06-20
285,Debbie Murphy,ronaldmartin@example.org,"5070 Kline Roads South Aprilshire, OK 82210",2022-02-17
286,Amanda Williams,wbutler@example.org,"52575 Smith Centers Michaelberg, AL 18295",2022-05-12
287,Peter Marshall,gfranklin@example.net,USNS Abbott FPO AP 34939,2023-06-18
288,Linda Phillips,morrisjeremy@example.org,"1329 Michael Way North Nicholaston, GA 65976",2021-04-28
289,Shelly Diaz,dmckenzie@example.org,USCGC Reynolds FPO AA 48677,2024-09-15
290,Steven Smith,leblancadrian@example.org,"48174 Wood Fords Danielmouth, MI 43660",2021-10-16
291,Bernard Acevedo IV,grahamjason@example.org,"40893 Anthony Haven Apt. 111 New Michaelmouth, PA 74225",2024-06-09
292,George Lee,rhondaanderson@example.com,"25990 Mitchell Pike North Don, AS 91771",2024-05-01
293,Brooke Coleman,robert79@example.org,"PSC 3842, Box 8019 APO AP 93301",2020-10-07
294,Vincent Cole,simmonslaura@example.net,"253 Adrian Course Suite 476 Butlerberg, KY 07401",2024-06-06
295,Steven Johnson,carl81@example.org,"PSC 2734, Box 4734 APO AP 78767",2022-03-01
296,Jane Nichols,carlsonbrent@example.net,"4836 Cummings Glens Apt. 861 Baileychester, PR 89274",2023-07-21
297,April Holland,jason23@example.net,"4524 Zachary Stream East Eric, AS 61430",2024-06-01
298,Debra Clark,samantha25@example.net,"059 Young Parks Lake Brianna, DC 26082",2020-01-27
299,Jack Wilson,imorales@example.org,"8457 Jeffrey Plain New Patriciahaven, WV 11205",2024-07-27
300,Christina Walker,jamiemaxwell@example.net,"5168 Erika Mountains Suite 357 South Georgetown, IA 08846",2024-09-30
301,Christina Scott,terryking@example.net,"56880 Gerald Spur Brendaberg, IL 18168",2020-10-11
302,Timothy Brown,hoffmanpeter@example.org,"6675 Allen Route Suite 050 Port Angela, LA 11724",2020-10-28
303,Matthew Rodgers,jessicabutler@example.com,"999 Williams Springs North Ianburgh, NM 02994",2023-07-10
304,Elizabeth Lopez,mooneyrichard@example.org,"5669 Joseph Shoal South Frank, IN 34089",2022-08-26
305,Rachel Morris,hernandezharold@example.net,"461 Marshall Courts Suite 247 North Morganchester, AS 22762",2020-02-15
306,Lori Edwards,bryantsarah@example.net,"2170 Meyer Row Suite 581 Port Kristinshire, OR 55980",2021-09-18
307,Dustin Keith,powelljoseph@example.net,"6029 Kendra Trafficway Suite 756 New Annahaven, AR 50663",2021-11-08
308,Kara Curry,dadams@example.org,"203 Christian Branch Schultzview, ID 72776",2021-07-19
309,Anthony Johnson,krystal04@example.net,"27482 Angela Trail Hallchester, AK 34625",2024-08-02
310,Gabriela Smith,aaron35@example.net,"31431 Jill Circle Suite 795 Cliffordstad, NM 72158",2024-04-30
311,Michael Harrington,mtaylor@example.net,"44750 Petty Springs West Alextown, IN 78124",2023-03-17
312,Keith Richardson,coxjimmy@example.org,"511 Shannon Shoal West Tina, PW 56804",2021-03-28
313,Allison Trevino,joannereid@example.org,"9361 Jones Overpass Apt. 250 East Melissaberg, GU 81558",2021-08-13
314,Denise Miles,johnsonjoshua@example.net,"5882 Robert Parkway Apt. 030 Melissaborough, AK 86943",2020-12-26
315,Jacqueline Rodriguez,kimberly62@example.com,"944 Davis Spurs Adrianbury, KS 46414",2022-03-14
316,Michele Anderson,fmcbride@example.net,"6518 Amy Pines Suite 793 Robertstad, NV 59345",2023-02-09
317,Gerald Pearson,dpatterson@example.org,"1321 James Drive Suite 016 Weberhaven, ND 05666",2020-07-16
318,Rita Gonzalez,qmarshall@example.com,"0244 Virginia Highway Apt. 416 East Christopher, MI 12653",2022-06-03
319,Cheryl Torres,eschwartz@example.org,"9242 Thomas Gateway Apt. 808 Lake Hannahfurt, NJ 76499",2021-08-25
320,Jamie Woodward,samanthafoster@example.com,"6929 James Path Andrademouth, MI 54713",2020-06-27
321,Brianna Willis,uvargas@example.com,Unit 5008 Box 3681 DPO AP 30738,2020-08-31
322,Robert Price,breyes@example.com,"260 Brown Path Shawnbury, OR 98746",2020-08-01
323,Julia Morales,edodson@example.com,"809 Mendez Terrace Apt. 570 Port Clinton, WY 78610",2023-07-26
324,Autumn Rogers,kwilliams@example.org,"25960 Mathews Point Lopezchester, CA 52507",2024-03-16
325,Terry Burns,emilywilliams@example.com,"6713 Robin Fork Apt. 910 Jensenside, FL 14640",2023-06-18
326,Wanda Morales,froberts@example.org,"26466 Paul Lake Harrisontown, GU 92923",2023-06-19
327,Kaitlin Morales,martinezamanda@example.org,"81725 Wilkins Turnpike Suite 342 Dustinborough, HI 78717",2023-09-10
328,Edward Morales,roliver@example.org,"31844 Smith Unions Lambville, AK 10230",2022-10-14
329,Katie Baker,alexander51@example.net,"275 Robert Meadow Apt. 242 Arnoldmouth, FL 52524",2020-12-23
330,Clayton Frye,aaron63@example.net,"2993 Bell Dale Suite 073 West Charlesville, MH 79423",2023-06-28
331,Jeffrey Gardner,james60@example.com,"790 Helen Mountain Harrisonville, SD 79860",2024-01-09
332,Kelly Forbes,dthomas@example.com,"4409 Scott Overpass New Kara, WY 61685",2020-09-09
333,Brent Flores,jenniferwhite@example.com,"651 Reyes Unions Lake Stuart, DC 90351",2024-05-16
334,Angela Lee,josephsmith@example.org,Unit 6397 Box 3092 DPO AA 20173,2023-08-18
335,Lori Roberts,connor73@example.net,"7190 Allen Grove Apt. 986 Roymouth, DE 78355",2024-01-09
336,Mr. Michael Adams,brianmartin@example.com,"91316 Frazier Springs Port Frank, KS 79886",2020-04-14
337,David Espinoza,ckirk@example.com,"PSC 5428, Box 7372 APO AA 71937",2021-02-09
338,Amy Martinez,nmccormick@example.net,"74996 Willis Rue Apt. 650 Allenbury, DE 23760",2020-10-17
339,Elizabeth Russell,mcmahonmallory@example.net,"09679 Olson Meadows Suite 384 Lake Nancyburgh, MA 32781",2022-06-25
340,Catherine Kennedy,stevenkramer@example.com,"7924 Taylor Way Joneshaven, MT 21629",2024-05-18
341,Dustin Jefferson,jimeneztaylor@example.com,"PSC 7675, Box 3265 APO AA 68043",2021-10-09
342,Patrick Butler,howedaniel@example.com,"9068 Decker Glens Apt. 248 Margaretberg, LA 62986",2021-01-27
343,Robert Stevens,mariabowen@example.org,USNS Dawson FPO AA 01068,2022-05-10
344,Rachel Flores,andersonangela@example.org,"0093 Paul Prairie Franklinburgh, LA 13142",2023-01-12
345,Bobby Clark,michael65@example.com,"43741 Calderon Keys Suite 011 New Samuelmouth, KS 87958",2024-09-26
346,Harry Wilson,lwade@example.org,"185 Thomas Branch Apt. 868 Alexanderton, WY 51259",2022-11-07
347,Heather Smith,bdavis@example.com,"937 Price Dam Apt. 084 Jonesstad, FM 59224",2022-06-30
348,Ryan Ford,cynthiabullock@example.com,"367 Hooper Walks Suite 981 Rubenview, AR 10575",2024-07-31
349,Michael Harrell,sarahjohnson@example.com,"820 Knight Prairie Suite 133 Port Christophermouth, MS 05060",2024-01-21
350,Thomas Taylor,krystalbarry@example.net,"PSC 9703, Box 8064 APO AP 92919",2023-12-27
351,Angela Hayes,connor64@example.com,"54509 Glenn Common Apt. 269 New David, MS 39034",2021-09-04
352,Max Smith,smithjennifer@example.net,"PSC 0168, Box 4956 APO AP 16850",2021-10-10
353,Stephen Hanson,ramirezvalerie@example.net,"669 Johnson Lights Suite 306 West Rhondaton, NH 20469",2024-03-18
354,Anna Peters,rgoodwin@example.net,"7900 Green Springs Suite 836 Marvinfurt, AS 24210",2020-01-06
355,Robert Burns,valerie54@example.org,"895 Savage Forge South Laurenfort, FL 18266",2022-12-23
356,Mary Pena,huntersylvia@example.net,"PSC 4777, Box 8714 APO AP 87529",2023-09-05
357,Nicole Shields,robertgoodman@example.com,"30844 Kelley Streets Port Joanne, ME 26570",2023-11-15
358,Julie Garcia,michaeljones@example.com,"95486 Garner Mountains Apt. 011 East Katie, KY 72851",2023-12-15
359,Amanda Nicholson,hmosley@example.net,"015 Camacho Ports Hendersonview, ME 59391",2022-06-01
360,Sandra Pacheco,portermelissa@example.net,"06129 Morris Lake New Brettstad, AR 30870",2021-11-17
361,Kaitlyn Porter,johnferguson@example.org,"009 Bishop Vista Sarahfort, OK 53468",2020-03-17
362,Marie Wilkinson,millerkristen@example.net,"24616 Ashley Isle Charlesmouth, MN 89292",2021-04-14
363,Jon Morse,wendyallen@example.net,"0354 Kathryn Pines Lake John, OH 36733",2024-09-18
364,Lindsey Flores,sheilajackson@example.net,"8695 Farrell Summit Suite 360 New Johnnyburgh, AR 36507",2021-04-12
365,John Graham,chaseangela@example.org,"241 Dillon Club Huntershire, OK 17151",2020-05-19
366,Nathaniel Wright,whitebenjamin@example.org,"50694 John Flat Suite 654 Richardfort, UT 95474",2024-04-05
367,William Ortiz,annabarajas@example.net,USS Winters FPO AA 06566,2023-11-21
368,Ashley Taylor,howardjohn@example.net,"14193 Griffin Square Wilsonport, NM 41186",2021-10-13
369,Ronald Hill,brandonjackson@example.org,"4329 Reid Fords Websterside, KS 25278",2024-04-20
370,Kimberly Logan,jesse47@example.org,"07734 Edwards Lights Lake Kennethport, OR 78013",2020-11-14
371,Christian Shepard,eddie95@example.net,"186 Daniel Circles Suite 010 Judyview, SC 27135",2020-03-03
372,Tina Mcdonald,ibarratodd@example.com,"6740 Angela Greens Apt. 562 Taylorshire, WA 85970",2022-10-25
373,Allison Martin,gregoryerickson@example.net,"7842 Cassandra Rapid East Alyssamouth, ME 94526",2022-09-11
374,Patricia Benson,olewis@example.com,"8259 Bennett Turnpike West Meganchester, RI 09437",2024-09-14
375,Michael Long,rosalessamantha@example.net,"7351 Reginald Trail Apt. 130 Lindaberg, OK 24726",2022-02-07
376,Logan Moore,jacobbrown@example.org,"477 Ashley Drive Apt. 441 Hicksville, MO 24337",2020-05-05
377,Jesus Torres,dhayes@example.com,"548 David Parkways Port Pamela, NE 93828",2024-01-20
378,Debra Cantu,christopher46@example.net,"474 Troy Corner Apt. 306 Pamelamouth, CT 94662",2023-04-04
379,Kelsey Brady,allison95@example.net,"470 Karen Via Coxshire, NC 39333",2022-04-21
380,Andrea Silva,lori30@example.org,"89540 John Terrace Reidmouth, ND 66235",2022-01-20
381,Brent Brown,warren05@example.org,"671 Watson Drive Cynthiachester, MS 15094",2021-09-21
382,Margaret Hansen,brownmary@example.org,"31188 Richardson Walks Audreybury, AR 03800",2020-02-01
383,Tiffany Brown,zimmermanchristopher@example.net,"97314 Stewart Square Suite 453 West Kevinburgh, FL 99541",2020-04-08
384,Joshua Williams,elizabeth97@example.org,"743 Barbara Corner South Joseph, MT 37590",2024-08-06
385,Patrick Alexander,kimberlysmith@example.org,"13440 Kerry Ports Apt. 533 South Benjamin, TX 46572",2021-03-08
386,Edward Wong,moralesbrianna@example.org,"69107 Patrick Ranch Conleyville, FL 38421",2021-02-17
387,Todd Roberts,eddieboyd@example.org,"2177 Greer Highway Suite 652 South Eric, MD 88231",2021-09-24
388,David Hoffman,paul38@example.com,"27472 Johnson Lock West Maryview, IL 06446",2024-05-29
389,Nathan Rodriguez,anthonyproctor@example.net,"468 Yang Parkways Thomasland, MN 49047",2023-01-11
390,Bailey Houston,jonathan17@example.org,"1514 Hurst Manor Apt. 942 New Jamesview, MH 85751",2022-09-29
391,Garrett Preston,yschmitt@example.org,"60061 Pena Coves Apt. 666 New Nancy, LA 55337",2024-02-11
392,Joseph Hayes,dwilson@example.net,"059 Howard Landing East Amanda, PW 35405",2020-06-02
393,John Graves,kingryan@example.org,"85484 Andrew Station Wesleyport, MD 56259",2021-01-05
394,Daniel Gregory,qholmes@example.com,Unit 9280 Box 1238 DPO AP 93927,2021-05-14
395,Kathleen Pham,jamesfitzgerald@example.net,USNV Evans FPO AA 23536,2022-07-24
396,Kevin Lyons,richard10@example.com,"230 Kristi Forks Suite 402 Reneeton, FM 90179",2020-03-14
397,Jessica Robinson,susan21@example.net,"5741 Horton Gateway Suite 528 South Keith, OH 84704",2022-01-19
398,Molly Martinez,cwhite@example.org,"03384 Laura Views Apt. 055 Port Michaelside, MN 45970",2024-07-10
399,Edward Matthews,fyoung@example.com,Unit 9131 Box 0667 DPO AA 32015,2021-05-29
400,Matthew Buckley,beckdavid@example.org,"744 Clements Grove Suite 819 West Caroline, FL 22385",2021-01-01
